X [m]	Y [m]	Z [m]	Volume [m^3]	Surface [m^2]	Pressure [Pa]	
0.015	0.00837568839	2.77555756e-17	5.57932926e-21		1.94875646	
0.015	0.0251247884	2.77555756e-17	5.57781264e-21		1.94875646	
0.015	0.0418716123	2.77555756e-17	5.57781305e-21		1.94875646	
0.015	0.0586184369	2.77555756e-17	5.57781305e-21		1.94875646	
0.015	0.0751977476	2.77555756e-17	5.46622647e-21		1.94876667	
0.015	0.0916095902	2.77555756e-17	5.4662568e-21		1.94876667	
0.015	0.108021478	2.77555756e-17	5.46625679e-21		1.94876667	
0.015	0.124433366	2.77555756e-17	5.46625679e-21		1.94876667	
0.015	0.131223219	0.0155532053	2.02066301e-07		3136.16914	
0.015	0.128935156	0.0326315378	8.79926393e-07		5151.81959	
0.015	0.126225596	0.0528559704	1.57771078e-06		4397.99394	
0.015	0.114699685	0.0776365379	2.3518434e-07		4322.51822	
0.015	0.124476488	0.0729717095	2.04031079e-06		4056.01439	
0.015	0.112364177	0.095069007	9.21793483e-07		3604.35293	
0.015	0.124433366	0.0937547959	2.051486e-06		3682.20524	
0.015	0.109648899	0.115336121	1.61957784e-06		3626.08891	
0.015	0.124433366	0.114588129	2.051486e-06		3737.0957	
0.015	0.0981761519	0.139719871	2.7081443e-07		4070.00955	
0.015	0.0957924707	0.15751191	9.63660544e-07		4477.86941	
0.015	0.108040745	0.135444604	2.04654776e-06		4009.34893	
0.015	0.124433366	0.135421463	2.051486e-06		3897.27906	
0.015	0.108021478	0.156254796	2.051486e-06		4073.435	
0.015	0.124433366	0.156254796	2.051486e-06		3716.87747	
0.015	0.140251208	0.0105128355	1.86446537e-06		3351.17897	
0.015	0.157750371	0.0104190652	2.5103546e-06		3883.11115	
0.015	0.140175287	0.0312547965	1.88399408e-06		4699.3464	
0.015	0.157750371	0.0312547965	2.50977657e-06		4338.54388	
0.015	0.181161918	0.0104190652	3.34387991e-06		4025.56063	
0.015	0.212346916	0.0104190652	4.45416478e-06		3936.92323	
0.015	0.181161918	0.0312547965	3.34310995e-06		4051.79262	
0.015	0.212346916	0.0312547965	4.45313917e-06		3800.53251	
0.015	0.140175287	0.0520881293	1.88399418e-06		4068.38148	
0.015	0.157750371	0.0520881293	2.50977671e-06		3967.36091	
0.015	0.140175287	0.0729214626	1.88399418e-06		3887.99101	
0.015	0.157750371	0.0729214626	2.50977671e-06		3820.36302	
0.015	0.181161918	0.0520881293	3.34311013e-06		3809.63025	
0.015	0.212346916	0.0520881293	4.4531394e-06		3598.28292	
0.015	0.181161918	0.0729214626	3.34311013e-06		3679.36811	
0.015	0.212346916	0.0729214626	4.4531394e-06		3431.85007	
0.015	0.253886422	0.0104190652	5.93310298e-06		3608.82331	
0.015	0.309209906	0.0104190652	7.90095261e-06		2299.695	
0.015	0.253886422	0.0312547965	5.93173684e-06		3263.76738	
0.015	0.309209906	0.0312547965	7.89913334e-06		1872.02348	
0.015	0.253886422	0.0520881293	5.93173715e-06		2986.35866	
0.015	0.309209906	0.0520881293	7.89913376e-06		1641.54103	
0.015	0.253886422	0.0729214626	5.93173715e-06		2665.30265	
0.015	0.309209906	0.0729214626	7.89913376e-06		1462.39593	
0.015	0.140175287	0.0937547959	1.88399418e-06		3749.82952	
0.015	0.157750371	0.0937547959	2.50977671e-06		3685.4246	
0.015	0.140175287	0.114588129	1.88399418e-06		3713.71973	
0.015	0.157750371	0.114588129	2.50977671e-06		3618.75868	
0.015	0.181161918	0.0937547959	3.34311013e-06		3547.65597	
0.015	0.212346916	0.0937547959	4.4531394e-06		3249.34747	
0.015	0.181161918	0.114588129	3.34311013e-06		3451.03089	
0.015	0.212346916	0.114588129	4.4531394e-06		3071.33805	
0.015	0.140175287	0.135421463	1.88399418e-06		3703.3395	
0.015	0.157750371	0.135421463	2.50977671e-06		3555.57999	
0.015	0.140175287	0.156254796	1.88399418e-06		3555.6131	
0.015	0.157750371	0.156254796	2.50977671e-06		3395.58871	
0.015	0.181161918	0.135421463	3.34311013e-06		3335.15282	
0.015	0.212346916	0.135421463	4.4531394e-06		2815.67634	
0.015	0.181161918	0.156254796	3.34311013e-06		3181.13065	
0.015	0.212346916	0.156254796	4.4531394e-06		2437.14977	
0.015	0.253886422	0.0937547959	5.93173715e-06		2301.90024	
0.015	0.309209906	0.0937547959	7.89913376e-06		1344.86651	
0.015	0.253886422	0.114588129	5.93173715e-06		1956.7712	
0.015	0.309209906	0.114588129	7.89913376e-06		1268.91162	
0.015	0.253886422	0.135421463	5.93173715e-06		1651.87275	
0.015	0.309209906	0.135421463	7.89913376e-06		1221.44957	
0.015	0.253886422	0.156254796	5.93173715e-06		1427.75897	
0.015	0.309209906	0.156254796	7.89913376e-06		1195.26127	
0.015	0.0669899038	0.249997536	3.81340636e-13		3323.52139	
0.015	0.0930720679	0.177817272	1.6614449e-06		4255.22827	
0.015	0.0816526183	0.201803205	3.08956541e-07		4378.04652	
0.015	0.0916143813	0.197927385	2.05027271e-06		3600.39262	
0.015	0.108021478	0.177088129	2.051486e-06		3802.49306	
0.015	0.124433366	0.177088129	2.051486e-06		3534.14695	
0.015	0.108021478	0.197921463	2.051486e-06		3354.43998	
0.015	0.124433366	0.197921463	2.051486e-06		3310.2903	
0.015	0.0792201269	0.219959568	1.0055276e-06		3319.92478	
0.015	0.0916095902	0.218754796	2.05148601e-06		3322.34572	
0.015	0.0764951149	0.240299348	1.70331158e-06		3323.52139	
0.015	0.0916095902	0.239588129	2.05148601e-06		3321.91055	
0.015	0.108021478	0.218754796	2.051486e-06		3315.80104	
0.015	0.124433366	0.218754796	2.051486e-06		3289.95418	
0.015	0.108021478	0.239588129	2.051486e-06		3302.77681	
0.015	0.124433366	0.239588129	2.051486e-06		3257.9486	
0.015	0.065088175	0.264192232	3.6517005e-07		3332.1418	
0.015	0.0625516851	0.283124851	1.09401177e-06		3333.18659	
0.015	0.0501201927	0.313414773	1.57022661e-09		3263.11264	
0.015	0.0597707433	0.303935967	1.82128327e-06		3327.16973	
0.015	0.0482112322	0.327663449	4.12263242e-07		3354.86943	
0.015	0.0586184369	0.324526611	2.13943197e-06		3333.04287	
0.015	0.0751977476	0.260650807	2.0966421e-06		3325.48194	
0.015	0.0916095902	0.260650807	2.09665374e-06		3318.77784	
0.015	0.0751977476	0.281942777	2.0966317e-06		3321.53998	
0.015	0.0916095902	0.281942777	2.09664333e-06		3280.62856	
0.015	0.108021478	0.260650807	2.09665373e-06		3264.57996	
0.015	0.124433366	0.260650807	2.09665373e-06		3162.64415	
0.015	0.108021478	0.281942777	2.09664333e-06		3197.54679	
0.015	0.124433366	0.281942777	2.09664333e-06		2932.2153	
0.015	0.0751977476	0.303234694	2.0966317e-06		3305.14611	
0.015	0.0916095902	0.303234694	2.09664334e-06		3231.81977	
0.015	0.0751977476	0.324526611	2.0966317e-06		3239.916	
0.015	0.0916095902	0.324526611	2.09664334e-06		3068.31195	
0.015	0.108021478	0.303234694	2.09664333e-06		2997.26567	
0.015	0.124433366	0.303234694	2.09664333e-06		2421.57631	
0.015	0.108021478	0.324526611	2.09664333e-06		2554.02452	
0.015	0.124433366	0.324526611	2.09664333e-06		1777.03899	
0.015	0.140175287	0.177088129	1.88399418e-06		3373.96189	
0.015	0.157750371	0.177088129	2.50977671e-06		3279.18889	
0.015	0.140175287	0.197921463	1.88399418e-06		3272.4888	
0.015	0.157750371	0.197921463	2.50977671e-06		3187.41888	
0.015	0.181161918	0.177088129	3.34311013e-06		3000.80842	
0.015	0.212346916	0.177088129	4.4531394e-06		1999.65802	
0.015	0.181161918	0.197921463	3.34311013e-06		2696.19116	
0.015	0.212346916	0.197921463	4.4531394e-06		1624.81221	
0.015	0.140175287	0.218754796	1.88399418e-06		3239.01546	
0.015	0.157750371	0.218754796	2.50977671e-06		3038.85452	
0.015	0.140175287	0.239588129	1.88399418e-06		3131.40871	
0.015	0.157750371	0.239588129	2.50977671e-06		2673.93365	
0.015	0.181161918	0.218754796	3.34311013e-06		2174.27874	
0.015	0.212346916	0.218754796	4.4531394e-06		1372.1188	
0.015	0.181161918	0.239588129	3.34311013e-06		1692.25348	
0.015	0.212346916	0.239588129	4.4531394e-06		1252.71321	
0.015	0.253886422	0.177088129	5.93173715e-06		1301.43203	
0.015	0.309209906	0.177088129	7.89913376e-06		1182.30753	
0.015	0.253886422	0.197921463	5.93173715e-06		1228.96251	
0.015	0.309209906	0.197921463	7.89913376e-06		1176.1389	
0.015	0.253886422	0.218754796	5.93173715e-06		1194.14307	
0.015	0.309209906	0.218754796	7.89913376e-06		1173.51944	
0.015	0.253886422	0.239588129	5.93173715e-06		1180.01851	
0.015	0.309209906	0.239588129	7.89913376e-06		1172.52096	
0.015	0.140175287	0.260650807	1.92547422e-06		2876.17516	
0.015	0.157750371	0.260650807	2.56503466e-06		2067.45779	
0.015	0.140175287	0.281942777	1.92546467e-06		2322.19117	
0.015	0.157750371	0.281942777	2.56502193e-06		1546.01462	
0.015	0.181161918	0.260650807	3.41671565e-06		1376.56749	
0.015	0.212346916	0.260650807	4.55118452e-06		1199.48407	
0.015	0.181161918	0.281942777	3.4166987e-06		1240.6192	
0.015	0.212346916	0.281942777	4.55116195e-06		1180.43881	
0.015	0.140175287	0.303234694	1.92546468e-06		1684.08224	
0.015	0.157750371	0.303234694	2.56502194e-06		1297.72717	
0.015	0.140175287	0.324526611	1.92546468e-06		1341.75628	
0.015	0.157750371	0.324526611	2.56502194e-06		1207.99879	
0.015	0.181161918	0.303234694	3.4166987e-06		1192.309	
0.015	0.212346916	0.303234694	4.55116195e-06		1174.38393	
0.015	0.181161918	0.324526611	3.4166987e-06		1177.51589	
0.015	0.212346916	0.324526611	4.55116195e-06		1172.63187	
0.015	0.253886422	0.260650807	6.06233667e-06		1174.58959	
0.015	0.309209906	0.260650807	8.07304961e-06		1172.16312	
0.015	0.253886422	0.281942777	6.0623066e-06		1172.76302	
0.015	0.309209906	0.281942777	8.07300956e-06		1172.04706	
0.015	0.253886422	0.303234694	6.06230661e-06		1172.20999	
0.015	0.309209906	0.303234694	8.07300957e-06		1172.01312	
0.015	0.253886422	0.324526611	6.06230661e-06		1172.05515	
0.015	0.309209906	0.324526611	8.07300957e-06		1172.00384	
0.015	0.0332504911	0.37683194	6.18293623e-09		3351.16897	
0.015	0.0456270807	0.346951818	1.14110497e-06		3359.16243	
0.015	0.0586184369	0.345818527	2.13943197e-06		3274.07204	
0.015	0.0428654755	0.36777206	1.86376375e-06		3310.58654	
0.015	0.0586184369	0.367110444	2.13943197e-06		3186.06407	
0.015	0.0313231767	0.391217611	4.59356439e-07		3387.95895	
0.015	0.0287019583	0.410782651	1.18819816e-06		3444.4376	
0.015	0.0418716123	0.388402361	2.13943197e-06		3262.56849	
0.015	0.0586184369	0.388402361	2.13943197e-06		2946.6096	
0.015	0.0418716123	0.409694278	2.13943197e-06		3052.35666	
0.015	0.0586184369	0.409694278	2.13943197e-06		2254.12388	
0.015	0.0751977476	0.345818527	2.0966317e-06		3130.18486	
0.015	0.0916095902	0.345818527	2.09664334e-06		2680.0289	
0.015	0.0751977476	0.367110444	2.0966317e-06		2800.23681	
0.015	0.0916095902	0.367110444	2.09664334e-06		2005.39141	
0.015	0.108021478	0.345818527	2.09664333e-06		1886.90944	
0.015	0.124433366	0.345818527	2.09664333e-06		1374.3041	
0.015	0.108021478	0.367110444	2.09664333e-06		1412.64874	
0.015	0.124433366	0.367110444	2.09664333e-06		1228.6244	
0.015	0.0751977476	0.388402361	2.0966317e-06		2131.27485	
0.015	0.0916095902	0.388402361	2.09664334e-06		1451.00786	
0.015	0.0751977476	0.409694278	2.0966317e-06		1496.90464	
0.015	0.0916095902	0.409694278	2.09664334e-06		1251.40633	
0.015	0.108021478	0.388402361	2.09664333e-06		1238.6809	
0.015	0.124433366	0.388402361	2.09664333e-06		1186.53321	
0.015	0.108021478	0.409694278	2.09664333e-06		1189.14033	
0.015	0.124433366	0.409694278	2.09664333e-06		1175.55063	
0.015	0.0163807903	0.440249106	1.38385447e-08		3504.00598	
0.015	0.0259740707	0.431598331	1.90320134e-06		3145.6747	
0.015	0.0144271093	0.454831579	5.06449794e-07		3699.96392	
0.015	0.0251247884	0.452278112	2.13943182e-06		2720.95731	
0.015	0.0418716123	0.430986195	2.13943197e-06		2414.16588	
0.015	0.0586184369	0.430986195	2.13943197e-06		1586.82091	
0.015	0.0418716123	0.452278112	2.13943197e-06		1679.99676	
0.015	0.0586184369	0.452278112	2.13943197e-06		1288.549	
0.015	0.0117763777	0.47461691	1.23529152e-06		2615.61541	
0.015	0.0251247884	0.473570029	2.13943182e-06		1752.14003	
0.015	0.00909487535	0.495417874	1.93974691e-06		1656.26944	
0.015	0.0251247884	0.494861945	2.13943182e-06		1298.40776	
0.015	0.0418716123	0.473570029	2.13943197e-06		1297.94961	
0.015	0.0586184369	0.473570029	2.13943197e-06		1194.96294	
0.015	0.0418716123	0.494861945	2.13943197e-06		1191.23087	
0.015	0.0586184369	0.494861945	2.13943197e-06		1174.85002	
0.015	0.0751977476	0.430986195	2.0966317e-06		1270.83767	
0.015	0.0916095902	0.430986195	2.09664334e-06		1192.58303	
0.015	0.0751977476	0.452278112	2.0966317e-06		1194.95092	
0.015	0.0916095902	0.452278112	2.09664334e-06		1176.30862	
0.015	0.108021478	0.430986195	2.09664333e-06		1176.06888	
0.015	0.124433366	0.430986195	2.09664333e-06		1172.78793	
0.015	0.108021478	0.452278112	2.09664333e-06		1172.78755	
0.015	0.124433366	0.452278112	2.09664333e-06		1172.14276	
0.015	0.0751977476	0.473570029	2.0966317e-06		1175.97992	
0.015	0.0916095902	0.473570029	2.09664334e-06		1172.67782	
0.015	0.0751977476	0.494861945	2.0966317e-06		1172.42388	
0.015	0.0916095902	0.494861945	2.09664334e-06		1172.06408	
0.015	0.108021478	0.473570029	2.09664333e-06		1172.11421	
0.015	0.124433366	0.473570029	2.09664333e-06		1172.01967	
0.015	0.108021478	0.494861945	2.09664333e-06		1172.01022	
0.015	0.124433366	0.494861945	2.09664333e-06		1172.00219	
0.015	0.140175287	0.345818527	1.92546468e-06		1220.20694	
0.015	0.157750371	0.345818527	2.56502194e-06		1181.58439	
0.015	0.140175287	0.367110444	1.92546468e-06		1184.58622	
0.015	0.157750371	0.367110444	2.56502194e-06		1174.42603	
0.015	0.181161918	0.345818527	3.4166987e-06		1173.42833	
0.015	0.212346916	0.345818527	4.55116195e-06		1172.16078	
0.015	0.181161918	0.367110444	3.4166987e-06		1172.35373	
0.015	0.212346916	0.367110444	4.55116195e-06		1172.03949	
0.015	0.140175287	0.388402361	1.92546468e-06		1175.12129	
0.015	0.157750371	0.388402361	2.56502194e-06		1172.58555	
0.015	0.140175287	0.409694278	1.92546468e-06		1172.73192	
0.015	0.157750371	0.409694278	2.56502194e-06		1172.13233	
0.015	0.181161918	0.388402361	3.4166987e-06		1172.08351	
0.015	0.212346916	0.388402361	4.55116195e-06		1172.00962	
0.015	0.181161918	0.409694278	3.4166987e-06		1172.01867	
0.015	0.212346916	0.409694278	4.55116195e-06		1172.00265	
0.015	0.253886422	0.345818527	6.06230661e-06		1172.01429	
0.015	0.309209906	0.345818527	8.07300957e-06		1172.00142	
0.015	0.253886422	0.367110444	6.06230661e-06		1172.00397	
0.015	0.309209906	0.367110444	8.07300957e-06		1172.00081	
0.015	0.253886422	0.388402361	6.06230661e-06		1172.00147	
0.015	0.309209906	0.388402361	8.07300957e-06		1172.00066	
0.015	0.253886422	0.409694278	6.06230661e-06		1172.0009	
0.015	0.309209906	0.409694278	8.07300957e-06		1172.00061	
0.015	0.140175287	0.430986195	1.92546468e-06		1172.15356	
0.015	0.157750371	0.430986195	2.56502194e-06		1172.02682	
0.015	0.140175287	0.452278112	1.92546468e-06		1172.02664	
0.015	0.157750371	0.452278112	2.56502194e-06		1172.00497	
0.015	0.181161918	0.430986195	3.4166987e-06		1172.00419	
0.015	0.212346916	0.430986195	4.55116195e-06		1172.00115	
0.015	0.181161918	0.452278112	3.4166987e-06		1172.00134	
0.015	0.212346916	0.452278112	4.55116195e-06		1172.00086	
0.015	0.140175287	0.473570029	1.92546468e-06		1172.00399	
0.015	0.157750371	0.473570029	2.56502194e-06		1172.0013	
0.015	0.140175287	0.494861945	1.92546468e-06		1172.001	
0.015	0.157750371	0.494861945	2.56502194e-06		1172.00083	
0.015	0.181161918	0.473570029	3.4166987e-06		1172.00088	
0.015	0.212346916	0.473570029	4.55116195e-06		1172.00079	
0.015	0.181161918	0.494861945	3.4166987e-06		1172.0008	
0.015	0.212346916	0.494861945	4.55116195e-06		1172.00076	
0.015	0.253886422	0.430986195	6.06230661e-06		1172.00076	
0.015	0.309209906	0.430986195	8.07300957e-06		1172.00059	
0.015	0.253886422	0.452278112	6.06230661e-06		1172.00072	
0.015	0.309209906	0.452278112	8.07300957e-06		1172.00057	
0.015	0.253886422	0.473570029	6.06230661e-06		1172.0007	
0.015	0.309209906	0.473570029	8.07300957e-06		1172.00056	
0.015	0.253886422	0.494861945	6.06230661e-06		1172.00068	
0.015	0.309209906	0.494861945	8.07300957e-06		1172.00054	
0.015	0.00837568839	0.516153862	2.14001353e-06		1172.01532	
0.015	0.0251247884	0.516153862	2.13943182e-06		1172.00864	
0.015	0.00837568839	0.537276946	2.10607528e-06		1172.00039	
0.015	0.0251247884	0.537276946	2.10550279e-06		1172.00044	
0.015	0.0418716123	0.516153862	2.13943197e-06		1172.00261	
0.015	0.0586184369	0.516153862	2.13943197e-06		1172.00102	
0.015	0.0418716123	0.537276946	2.10550295e-06		1172.00049	
0.015	0.0586184369	0.537276946	2.10550295e-06		1172.00055	
0.015	0.00837568839	0.561436535	2.75040126e-06		1172.00037	
0.015	0.0251247884	0.561436535	2.74965363e-06		1172.00042	
0.015	0.00837568839	0.592986402	3.59164322e-06		1172.00034	
0.015	0.0251247884	0.592986402	3.59066691e-06		1172.00039	
0.015	0.0418716123	0.561436535	2.74965383e-06		1172.00047	
0.015	0.0586184369	0.561436535	2.74965383e-06		1172.00053	
0.015	0.0418716123	0.592986402	3.59066717e-06		1172.00044	
0.015	0.0586184369	0.592986402	3.59066717e-06		1172.0005	
0.015	0.0751977476	0.516153862	2.0966317e-06		1172.0007	
0.015	0.0916095902	0.516153862	2.09664334e-06		1172.00069	
0.015	0.0751977476	0.537276946	2.06338144e-06		1172.0006	
0.015	0.0916095902	0.537276946	2.06339289e-06		1172.00065	
0.015	0.108021478	0.516153862	2.09664333e-06		1172.00071	
0.015	0.124433366	0.516153862	2.09664333e-06		1172.00074	
0.015	0.108021478	0.537276946	2.06339289e-06		1172.00069	
0.015	0.124433366	0.537276946	2.06339289e-06		1172.00072	
0.015	0.0751977476	0.561436535	2.6946458e-06		1172.00058	
0.015	0.0916095902	0.561436535	2.69466076e-06		1172.00063	
0.015	0.0751977476	0.592986402	3.51883431e-06		1172.00055	
0.015	0.0916095902	0.592986402	3.51885383e-06		1172.00058	
0.015	0.108021478	0.561436535	2.69466075e-06		1172.00066	
0.015	0.124433366	0.561436535	2.69466075e-06		1172.00068	
0.015	0.108021478	0.592986402	3.51885383e-06		1172.00061	
0.015	0.124433366	0.592986402	3.51885383e-06		1172.00064	
0.015	0.00837568839	0.63418616	4.69018877e-06		1172.0003	
0.015	0.0251247884	0.63418616	4.68891385e-06		1172.00035	
0.015	0.00837568839	0.687987339	6.12473718e-06		1172.00025	
0.015	0.0251247884	0.687987339	6.1230723e-06		1172.0003	
0.015	0.0418716123	0.63418616	4.68891419e-06		1172.00041	
0.015	0.0586184369	0.63418616	4.68891419e-06		1172.00046	
0.015	0.0418716123	0.687987339	6.12307275e-06		1172.00035	
0.015	0.0586184369	0.687987339	6.12307275e-06		1172.00039	
0.015	0.00837568839	0.758244231	7.99805878e-06		1172.00019	
0.015	0.0251247884	0.758244231	7.99588468e-06		1172.00023	
0.015	0.00837568839	0.849978043	1.04419531e-05		1172.00009	
0.015	0.0251247884	0.849978043	1.04391147e-05		1172.00012	
0.015	0.0418716123	0.758244231	7.99588527e-06		1172.00026	
0.015	0.0586184369	0.758244231	7.99588527e-06		1172.00029	
0.015	0.0418716123	0.849978043	1.04391154e-05		1172.00013	
0.015	0.0586184369	0.849978043	1.04391154e-05		1172.00014	
0.015	0.0751977476	0.63418616	4.59511042e-06		1172.0005	
0.015	0.0916095902	0.63418616	4.59513592e-06		1172.00053	
0.015	0.0751977476	0.687987339	6.00057801e-06		1172.00042	
0.015	0.0916095902	0.687987339	6.00061131e-06		1172.00044	
0.015	0.108021478	0.63418616	4.59513591e-06		1172.00055	
0.015	0.124433366	0.63418616	4.59513591e-06		1172.00057	
0.015	0.108021478	0.687987339	6.0006113e-06		1172.00046	
0.015	0.124433366	0.687987339	6.0006113e-06		1172.00047	
0.015	0.0751977476	0.758244231	7.83592409e-06		1172.00031	
0.015	0.0916095902	0.758244231	7.83596758e-06		1172.00032	
0.015	0.0751977476	0.849978043	1.02302764e-05		1172.00014	
0.015	0.0916095902	0.849978043	1.02303331e-05		1172.00014	
0.015	0.108021478	0.758244231	7.83596756e-06		1172.00032	
0.015	0.124433366	0.758244231	7.83596756e-06		1172.00032	
0.015	0.108021478	0.849978043	1.02303331e-05		1172.00013	
0.015	0.124433366	0.849978043	1.02303331e-05		1172.00013	
0.015	0.140175287	0.516153862	1.92546468e-06		1172.00076	
0.015	0.157750371	0.516153862	2.56502194e-06		1172.00077	
0.015	0.140175287	0.537276946	1.89492894e-06		1172.00073	
0.015	0.157750371	0.537276946	2.52434352e-06		1172.00074	
0.015	0.181161918	0.516153862	3.4166987e-06		1172.00077	
0.015	0.212346916	0.516153862	4.55116195e-06		1172.00073	
0.015	0.181161918	0.537276946	3.36251364e-06		1172.00074	
0.015	0.212346916	0.537276946	4.47898556e-06		1172.0007	
0.015	0.140175287	0.561436535	2.47465747e-06		1172.0007	
0.015	0.157750371	0.561436535	3.29663316e-06		1172.0007	
0.015	0.140175287	0.592986402	3.23156001e-06		1172.00065	
0.015	0.157750371	0.592986402	4.30494644e-06		1172.00065	
0.015	0.181161918	0.561436535	4.39123038e-06		1172.0007	
0.015	0.212346916	0.561436535	5.84927216e-06		1172.00067	
0.015	0.181161918	0.592986402	5.73433884e-06		1172.00064	
0.015	0.212346916	0.592986402	7.63833953e-06		1172.00062	
0.015	0.253886422	0.516153862	6.06230661e-06		1172.00065	
0.015	0.309209906	0.516153862	8.07300957e-06		1172.00052	
0.015	0.253886422	0.537276946	5.96616513e-06		1172.00063	
0.015	0.309209906	0.537276946	7.94498057e-06		1172.0005	
0.015	0.253886422	0.561436535	7.79143473e-06		1172.0006	
0.015	0.309209906	0.561436535	1.03756427e-05		1172.00048	
0.015	0.253886422	0.592986402	1.01745349e-05		1172.00056	
0.015	0.309209906	0.592986402	1.35491527e-05		1172.00045	
0.015	0.140175287	0.63418616	4.21996996e-06		1172.00057	
0.015	0.157750371	0.63418616	5.62166403e-06		1172.00057	
0.015	0.140175287	0.687987339	5.5106965e-06		1172.00047	
0.015	0.157750371	0.687987339	7.34111489e-06		1172.00047	
0.015	0.181161918	0.63418616	7.4882526e-06		1172.00057	
0.015	0.212346916	0.63418616	9.97461389e-06		1172.00055	
0.015	0.181161918	0.687987339	9.77862114e-06		1172.00047	
0.015	0.212346916	0.687987339	1.30254647e-05		1172.00045	
0.015	0.140175287	0.758244231	7.19620667e-06		1172.00032	
0.015	0.157750371	0.758244231	9.58647966e-06		1172.00032	
0.015	0.140175287	0.849978043	9.39508629e-06		1172.00013	
0.015	0.157750371	0.849978043	1.25157333e-05		1172.00013	
0.015	0.181161918	0.758244231	1.27695253e-05		1172.00032	
0.015	0.212346916	0.758244231	1.70094536e-05		1172.00031	
0.015	0.181161918	0.849978043	1.66713934e-05		1172.00013	
0.015	0.212346916	0.849978043	2.22068781e-05		1172.00013	
0.015	0.253886422	0.63418616	1.32865339e-05		1172.0005	
0.015	0.309209906	0.63418616	1.76933175e-05		1172.00041	
0.015	0.253886422	0.687987339	1.73503738e-05		1172.00042	
0.015	0.309209906	0.687987339	2.3105023e-05		1172.00035	
0.015	0.253886422	0.758244231	2.2657186e-05		1172.0003	
0.015	0.309209906	0.758244231	3.01719611e-05		1172.00025	
0.015	0.253886422	0.849978043	2.95803368e-05		1172.00013	
0.015	0.309209906	0.849978043	3.93913337e-05		1172.00012	
0.015	0.00837568839	5.55111512e-17		0.000100508261	1.9487547	
0.012	0.00837568839	2.77555756e-17		9.2988821e-19	1.94875646	
0.018	0.00837568839	2.77555756e-17		9.2988821e-19	1.94875646	
0.015	0	2.77555756e-17		3.33066907e-19	1.94875646	
0.015	0.00837568839	0		0.000100508261	1.94875646	
0.015	0.0251247884	5.55111512e-17		0.00010048094	1.94875469	
0.012	0.0251247884	2.77555756e-17		9.2963544e-19	1.94875646	
0.018	0.0251247884	2.77555756e-17		9.2963544e-19	1.94875646	
0.015	0.0251247884	0		0.00010048094	1.94875646	
0.015	0.0418716123	5.55111512e-17		0.000100480947	1.94875469	
0.012	0.0418716123	2.77555756e-17		9.29635509e-19	1.94875646	
0.018	0.0418716123	2.77555756e-17		9.29635509e-19	1.94875646	
0.015	0.0418716123	0		0.000100480947	1.94875646	
0.015	0.0586184369	5.55111512e-17		0.000100480947	1.94875469	
0.012	0.0586184369	2.77555756e-17		9.29635509e-19	1.94875646	
0.018	0.0586184369	2.77555756e-17		9.29635509e-19	1.94875646	
0.015	0.0586184369	0		0.000100480947	1.94875646	
0.015	0.0751977476	5.55111512e-17		9.84707819e-05	1.94876647	
0.012	0.0751977476	2.77555756e-17		9.11037745e-19	1.94876667	
0.018	0.0751977476	2.77555756e-17		9.11037745e-19	1.94876667	
0.015	0.0751977476	0		9.84707819e-05	1.94876667	
0.015	0.0916095902	5.55111512e-17		9.84713284e-05	1.94876647	
0.012	0.0916095902	2.77555756e-17		9.110428e-19	1.94876667	
0.018	0.0916095902	2.77555756e-17		9.110428e-19	1.94876667	
0.015	0.0916095902	0		9.84713284e-05	1.94876667	
0.015	0.108021478	5.55111512e-17		9.84713282e-05	1.94876647	
0.012	0.108021478	2.77555756e-17		9.11042799e-19	1.94876667	
0.018	0.108021478	2.77555756e-17		9.11042799e-19	1.94876667	
0.015	0.108021478	0		9.84713282e-05	1.94876667	
0.015	0.124433366	5.55111512e-17		9.84713282e-05	1.94876647	
0.012	0.124433366	2.77555756e-17		9.11042799e-19	1.94876667	
0.018	0.124433366	2.77555756e-17		9.11042799e-19	1.94876667	
0.015	0.124433366	0		9.84713282e-05	1.94876667	
0.015	0.130515173	0.0129107427		9.84844275e-05	3133.03487	
0.012	0.131223219	0.0155532053		3.36777169e-05	3136.16914	
0.018	0.131223219	0.0155532053		3.36777169e-05	3136.16914	
0.015	0.125599899	0.0312547965		0.000129409516	5210.6475	
0.012	0.128935156	0.0326315378		0.000146654399	5151.81959	
0.018	0.128935156	0.0326315378		0.000146654399	5151.81959	
0.015	0.120017624	0.0520881293		0.000129409523	4343.2544	
0.012	0.126225596	0.0528559704		0.000262951796	4397.99394	
0.018	0.126225596	0.0528559704		0.000262951796	4397.99394	
0.015	0.113935817	0.0747857422		0.000106248992	4295.24188	
0.012	0.114699685	0.0776365379		3.91973899e-05	4322.51822	
0.018	0.114699685	0.0776365379		3.91973899e-05	4322.51822	
0.015	0.116726954	0.0643690755		2.31605305e-05	4048.25577	
0.012	0.124476488	0.0729717095		0.000340051799	4056.01439	
0.015	0.108853074	0.0937547959		0.000129409523	3623.0577	
0.012	0.112364177	0.095069007		0.000153632247	3604.35293	
0.018	0.112364177	0.095069007		0.000153632247	3604.35293	
0.012	0.124433366	0.0937547959		0.000341914334	3682.20524	
0.018	0.124433366	0.0937547959		0.000341914334	3682.20524	
0.015	0.1032708	0.114588129		0.000129409523	3628.04174	
0.012	0.109648899	0.115336121		0.00026992964	3626.08891	
0.018	0.109648899	0.115336121		0.00026992964	3626.08891	
0.012	0.124433366	0.114588129		0.000341914334	3737.0957	
0.018	0.124433366	0.114588129		0.000341914334	3737.0957	
0.015	0.0973564607	0.136660742		0.000114013563	4047.80602	
0.012	0.0981761519	0.139719871		4.51357383e-05	4070.00955	
0.018	0.0981761519	0.139719871		4.51357383e-05	4070.00955	
0.015	0.0921062498	0.156254796		0.000129409523	4472.93142	
0.012	0.0957924707	0.15751191		0.000160610091	4477.86941	
0.018	0.0957924707	0.15751191		0.000160610091	4477.86941	
0.015	0.100147598	0.126244075		1.53959592e-05	3988.52139	
0.012	0.108040745	0.135444604		0.000341091294	4009.34893	
0.012	0.124433366	0.135421463		0.000341914334	3897.27906	
0.018	0.124433366	0.135421463		0.000341914334	3897.27906	
0.012	0.108021478	0.156254796		0.000341914334	4073.435	
0.018	0.108021478	0.156254796		0.000341914334	4073.435	
0.012	0.124433366	0.156254796		0.000341914334	3716.87747	
0.018	0.124433366	0.156254796		0.000341914334	3716.87747	
0.015	0.133306953	5.55111512e-17		8.01171576e-06	3346.08203	
0.015	0.133306953	0.00249167752		3.09548927e-05	3346.08203	
0.012	0.140251208	0.0105128355		0.000310744229	3351.17897	
0.015	0.140175287	0		9.04317205e-05	3351.17897	
0.012	0.157750371	0.0104190652		0.000418392434	3883.11115	
0.018	0.157750371	0.0104190652		0.000418392434	3883.11115	
0.015	0.157750371	0		0.000120469282	3883.11115	
0.012	0.140175287	0.0312547965		0.000313999013	4699.3464	
0.018	0.140175287	0.0312547965		0.000313999013	4699.3464	
0.012	0.157750371	0.0312547965		0.000418296096	4338.54388	
0.018	0.157750371	0.0312547965		0.000418296096	4338.54388	
0.012	0.181161918	0.0104190652		0.000557313318	4025.56063	
0.018	0.181161918	0.0104190652		0.000557313318	4025.56063	
0.015	0.181161918	0		0.000160469286	4025.56063	
0.012	0.212346916	0.0104190652		0.000742360796	3936.92323	
0.018	0.212346916	0.0104190652		0.000742360796	3936.92323	
0.015	0.212346916	0		0.000213750691	3936.92323	
0.012	0.181161918	0.0312547965		0.000557184992	4051.79262	
0.018	0.181161918	0.0312547965		0.000557184992	4051.79262	
0.012	0.212346916	0.0312547965		0.000742189861	3800.53251	
0.018	0.212346916	0.0312547965		0.000742189861	3800.53251	
0.012	0.140175287	0.0520881293		0.00031399903	4068.38148	
0.018	0.140175287	0.0520881293		0.00031399903	4068.38148	
0.012	0.157750371	0.0520881293		0.000418296118	3967.36091	
0.018	0.157750371	0.0520881293		0.000418296118	3967.36091	
0.012	0.140175287	0.0729214626		0.00031399903	3887.99101	
0.018	0.140175287	0.0729214626		0.00031399903	3887.99101	
0.012	0.157750371	0.0729214626		0.000418296118	3820.36302	
0.018	0.157750371	0.0729214626		0.000418296118	3820.36302	
0.012	0.181161918	0.0520881293		0.000557185022	3809.63025	
0.018	0.181161918	0.0520881293		0.000557185022	3809.63025	
0.012	0.212346916	0.0520881293		0.000742189901	3598.28292	
0.018	0.212346916	0.0520881293		0.000742189901	3598.28292	
0.012	0.181161918	0.0729214626		0.000557185022	3679.36811	
0.018	0.181161918	0.0729214626		0.000557185022	3679.36811	
0.012	0.212346916	0.0729214626		0.000742189901	3431.85007	
0.018	0.212346916	0.0729214626		0.000742189901	3431.85007	
0.012	0.253886422	0.0104190652		0.000988850497	3608.82331	
0.018	0.253886422	0.0104190652		0.000988850497	3608.82331	
0.015	0.253886422	0		0.000284723383	3608.82331	
0.012	0.309209906	0.0104190652		0.00131682543	2299.695	
0.018	0.309209906	0.0104190652		0.00131682543	2299.695	
0.015	0.340806441	0.0104190652		0.000125028782	2299.695	
0.015	0.309209906	0		0.000379158421	2299.695	
0.012	0.253886422	0.0312547965		0.000988622806	3263.76738	
0.018	0.253886422	0.0312547965		0.000988622806	3263.76738	
0.012	0.309209906	0.0312547965		0.00131652222	1872.02348	
0.018	0.309209906	0.0312547965		0.00131652222	1872.02348	
0.015	0.340806441	0.0312547965		0.000124999993	1872.02348	
0.012	0.253886422	0.0520881293		0.000988622859	2986.35866	
0.018	0.253886422	0.0520881293		0.000988622859	2986.35866	
0.012	0.309209906	0.0520881293		0.00131652229	1641.54103	
0.018	0.309209906	0.0520881293		0.00131652229	1641.54103	
0.015	0.340806441	0.0520881293		0.000125	1641.54103	
0.012	0.253886422	0.0729214626		0.000988622859	2665.30265	
0.018	0.253886422	0.0729214626		0.000988622859	2665.30265	
0.012	0.309209906	0.0729214626		0.00131652229	1462.39593	
0.018	0.309209906	0.0729214626		0.00131652229	1462.39593	
0.015	0.340806441	0.0729214626		0.000125	1462.39593	
0.012	0.140175287	0.0937547959		0.00031399903	3749.82952	
0.018	0.140175287	0.0937547959		0.00031399903	3749.82952	
0.012	0.157750371	0.0937547959		0.000418296118	3685.4246	
0.018	0.157750371	0.0937547959		0.000418296118	3685.4246	
0.012	0.140175287	0.114588129		0.00031399903	3713.71973	
0.018	0.140175287	0.114588129		0.00031399903	3713.71973	
0.012	0.157750371	0.114588129		0.000418296118	3618.75868	
0.018	0.157750371	0.114588129		0.000418296118	3618.75868	
0.012	0.181161918	0.0937547959		0.000557185022	3547.65597	
0.018	0.181161918	0.0937547959		0.000557185022	3547.65597	
0.012	0.212346916	0.0937547959		0.000742189901	3249.34747	
0.018	0.212346916	0.0937547959		0.000742189901	3249.34747	
0.012	0.181161918	0.114588129		0.000557185022	3451.03089	
0.018	0.181161918	0.114588129		0.000557185022	3451.03089	
0.012	0.212346916	0.114588129		0.000742189901	3071.33805	
0.018	0.212346916	0.114588129		0.000742189901	3071.33805	
0.012	0.140175287	0.135421463		0.00031399903	3703.3395	
0.018	0.140175287	0.135421463		0.00031399903	3703.3395	
0.012	0.157750371	0.135421463		0.000418296118	3555.57999	
0.018	0.157750371	0.135421463		0.000418296118	3555.57999	
0.012	0.140175287	0.156254796		0.00031399903	3555.6131	
0.018	0.140175287	0.156254796		0.00031399903	3555.6131	
0.012	0.157750371	0.156254796		0.000418296118	3395.58871	
0.018	0.157750371	0.156254796		0.000418296118	3395.58871	
0.012	0.181161918	0.135421463		0.000557185022	3335.15282	
0.018	0.181161918	0.135421463		0.000557185022	3335.15282	
0.012	0.212346916	0.135421463		0.000742189901	2815.67634	
0.018	0.212346916	0.135421463		0.000742189901	2815.67634	
0.012	0.181161918	0.156254796		0.000557185022	3181.13065	
0.018	0.181161918	0.156254796		0.000557185022	3181.13065	
0.012	0.212346916	0.156254796		0.000742189901	2437.14977	
0.018	0.212346916	0.156254796		0.000742189901	2437.14977	
0.012	0.253886422	0.0937547959		0.000988622859	2301.90024	
0.018	0.253886422	0.0937547959		0.000988622859	2301.90024	
0.012	0.309209906	0.0937547959		0.00131652229	1344.86651	
0.018	0.309209906	0.0937547959		0.00131652229	1344.86651	
0.015	0.340806441	0.0937547959		0.000125	1344.86651	
0.012	0.253886422	0.114588129		0.000988622859	1956.7712	
0.018	0.253886422	0.114588129		0.000988622859	1956.7712	
0.012	0.309209906	0.114588129		0.00131652229	1268.91162	
0.018	0.309209906	0.114588129		0.00131652229	1268.91162	
0.015	0.340806441	0.114588129		0.000125	1268.91162	
0.012	0.253886422	0.135421463		0.000988622859	1651.87275	
0.018	0.253886422	0.135421463		0.000988622859	1651.87275	
0.012	0.309209906	0.135421463		0.00131652229	1221.44957	
0.018	0.309209906	0.135421463		0.00131652229	1221.44957	
0.015	0.340806441	0.135421463		0.000125	1221.44957	
0.012	0.253886422	0.156254796		0.000988622859	1427.75897	
0.018	0.253886422	0.156254796		0.000988622859	1427.75897	
0.012	0.309209906	0.156254796		0.00131652229	1195.26127	
0.018	0.309209906	0.156254796		0.00131652229	1195.26127	
0.015	0.340806441	0.156254796		0.000125	1195.26127	
0.015	0.0669889311	0.249993906		1.35293572e-07	3323.61264	
0.012	0.0669899038	0.249997536		6.35567726e-11	3323.52139	
0.018	0.0669899038	0.249997536		6.35567726e-11	3323.52139	
0.015	0.086523975	0.177088129		0.000129409523	4337.51355	
0.012	0.0930720679	0.177817272		0.000276907483	4255.22827	
0.018	0.0930720679	0.177817272		0.000276907483	4255.22827	
0.015	0.0807771044	0.198535742		0.000121778134	4293.07633	
0.012	0.0816526183	0.201803205		5.14927568e-05	4378.04652	
0.018	0.0816526183	0.201803205		5.14927568e-05	4378.04652	
0.015	0.0835682418	0.188119076		7.63138841e-06	3564.61898	
0.012	0.0916143813	0.197927385		0.000341712119	3600.39262	
0.018	0.0916143813	0.197927385		0.000341712119	3600.39262	
0.012	0.108021478	0.177088129		0.000341914334	3802.49306	
0.018	0.108021478	0.177088129		0.000341914334	3802.49306	
0.012	0.124433366	0.177088129		0.000341914334	3534.14695	
0.018	0.124433366	0.177088129		0.000341914334	3534.14695	
0.012	0.108021478	0.197921463		0.000341914334	3354.43998	
0.018	0.108021478	0.197921463		0.000341914334	3354.43998	
0.012	0.124433366	0.197921463		0.000341914334	3310.2903	
0.018	0.124433366	0.197921463		0.000341914334	3310.2903	
0.015	0.0753594253	0.218754796		0.000129409523	3320.28021	
0.012	0.0792201269	0.219959568		0.000167587934	3319.92478	
0.018	0.0792201269	0.219959568		0.000167587934	3319.92478	
0.012	0.0916095902	0.218754796		0.000341914335	3322.34572	
0.018	0.0916095902	0.218754796		0.000341914335	3322.34572	
0.015	0.0697800685	0.239577239		0.000129274229	3323.61264	
0.012	0.0764951149	0.240299348		0.000283885263	3323.52139	
0.012	0.0916095902	0.239588129		0.000341914335	3321.91055	
0.018	0.0916095902	0.239588129		0.000341914335	3321.91055	
0.012	0.108021478	0.218754796		0.000341914334	3315.80104	
0.018	0.108021478	0.218754796		0.000341914334	3315.80104	
0.012	0.124433366	0.218754796		0.000341914334	3289.95418	
0.018	0.124433366	0.218754796		0.000341914334	3289.95418	
0.012	0.108021478	0.239588129		0.000341914334	3302.77681	
0.018	0.108021478	0.239588129		0.000341914334	3302.77681	
0.012	0.124433366	0.239588129		0.000341914334	3257.9486	
0.018	0.124433366	0.239588129		0.000341914334	3257.9486	
0.015	0.0641334229	0.260650807		0.000132258742	3332.14451	
0.012	0.065088175	0.264192232		6.08616749e-05	3332.1418	
0.015	0.0584282569	0.281942777		0.000132258086	3333.18326	
0.012	0.0625516851	0.283124851		0.000182335295	3333.18659	
0.018	0.0625516851	0.283124851		0.000182335295	3333.18659	
0.015	0.0500577768	0.313181834		8.68164025e-06	3262.89763	
0.012	0.0501201927	0.313414773		2.61704436e-07	3263.11264	
0.018	0.0501201927	0.313414773		2.61704436e-07	3263.11264	
0.015	0.0529103527	0.302535875		0.000123576446	3327.15953	
0.012	0.0597707433	0.303935967		0.000303547211	3327.16973	
0.015	0.047017953	0.324526611		0.000132258086	3354.86286	
0.012	0.0482112322	0.327663449		6.87105403e-05	3354.86943	
0.018	0.0482112322	0.327663449		6.87105403e-05	3354.86943	
0.012	0.0586184369	0.324526611		0.000356571996	3333.04287	
0.018	0.0586184369	0.324526611		0.000356571996	3333.04287	
0.012	0.0751977476	0.260650807		0.00034944035	3325.48194	
0.018	0.0751977476	0.260650807		0.00034944035	3325.48194	
0.012	0.0916095902	0.260650807		0.000349442289	3318.77784	
0.018	0.0916095902	0.260650807		0.000349442289	3318.77784	
0.012	0.0751977476	0.281942777		0.000349438617	3321.53998	
0.018	0.0751977476	0.281942777		0.000349438617	3321.53998	
0.012	0.0916095902	0.281942777		0.000349440556	3280.62856	
0.018	0.0916095902	0.281942777		0.000349440556	3280.62856	
0.012	0.108021478	0.260650807		0.000349442289	3264.57996	
0.018	0.108021478	0.260650807		0.000349442289	3264.57996	
0.012	0.124433366	0.260650807		0.000349442289	3162.64415	
0.018	0.124433366	0.260650807		0.000349442289	3162.64415	
0.012	0.108021478	0.281942777		0.000349440555	3197.54679	
0.018	0.108021478	0.281942777		0.000349440555	3197.54679	
0.012	0.124433366	0.281942777		0.000349440555	2932.2153	
0.018	0.124433366	0.281942777		0.000349440555	2932.2153	
0.012	0.0751977476	0.303234694		0.000349438617	3305.14611	
0.018	0.0751977476	0.303234694		0.000349438617	3305.14611	
0.012	0.0916095902	0.303234694		0.000349440556	3231.81977	
0.018	0.0916095902	0.303234694		0.000349440556	3231.81977	
0.012	0.0751977476	0.324526611		0.000349438617	3239.916	
0.018	0.0751977476	0.324526611		0.000349438617	3239.916	
0.012	0.0916095902	0.324526611		0.000349440556	3068.31195	
0.018	0.0916095902	0.324526611		0.000349440556	3068.31195	
0.012	0.108021478	0.303234694		0.000349440556	2997.26567	
0.018	0.108021478	0.303234694		0.000349440556	2997.26567	
0.012	0.124433366	0.303234694		0.000349440556	2421.57631	
0.018	0.124433366	0.303234694		0.000349440556	2421.57631	
0.012	0.108021478	0.324526611		0.000349440556	2554.02452	
0.018	0.108021478	0.324526611		0.000349440556	2554.02452	
0.012	0.124433366	0.324526611		0.000349440556	1777.03899	
0.018	0.124433366	0.324526611		0.000349440556	1777.03899	
0.012	0.140175287	0.177088129		0.00031399903	3373.96189	
0.018	0.140175287	0.177088129		0.00031399903	3373.96189	
0.012	0.157750371	0.177088129		0.000418296118	3279.18889	
0.018	0.157750371	0.177088129		0.000418296118	3279.18889	
0.012	0.140175287	0.197921463		0.00031399903	3272.4888	
0.018	0.140175287	0.197921463		0.00031399903	3272.4888	
0.012	0.157750371	0.197921463		0.000418296118	3187.41888	
0.018	0.157750371	0.197921463		0.000418296118	3187.41888	
0.012	0.181161918	0.177088129		0.000557185022	3000.80842	
0.018	0.181161918	0.177088129		0.000557185022	3000.80842	
0.012	0.212346916	0.177088129		0.000742189901	1999.65802	
0.018	0.212346916	0.177088129		0.000742189901	1999.65802	
0.012	0.181161918	0.197921463		0.000557185022	2696.19116	
0.018	0.181161918	0.197921463		0.000557185022	2696.19116	
0.012	0.212346916	0.197921463		0.000742189901	1624.81221	
0.018	0.212346916	0.197921463		0.000742189901	1624.81221	
0.012	0.140175287	0.218754796		0.00031399903	3239.01546	
0.018	0.140175287	0.218754796		0.00031399903	3239.01546	
0.012	0.157750371	0.218754796		0.000418296118	3038.85452	
0.018	0.157750371	0.218754796		0.000418296118	3038.85452	
0.012	0.140175287	0.239588129		0.00031399903	3131.40871	
0.018	0.140175287	0.239588129		0.00031399903	3131.40871	
0.012	0.157750371	0.239588129		0.000418296118	2673.93365	
0.018	0.157750371	0.239588129		0.000418296118	2673.93365	
0.012	0.181161918	0.218754796		0.000557185022	2174.27874	
0.018	0.181161918	0.218754796		0.000557185022	2174.27874	
0.012	0.212346916	0.218754796		0.000742189901	1372.1188	
0.018	0.212346916	0.218754796		0.000742189901	1372.1188	
0.012	0.181161918	0.239588129		0.000557185022	1692.25348	
0.018	0.181161918	0.239588129		0.000557185022	1692.25348	
0.012	0.212346916	0.239588129		0.000742189901	1252.71321	
0.018	0.212346916	0.239588129		0.000742189901	1252.71321	
0.012	0.253886422	0.177088129		0.000988622859	1301.43203	
0.018	0.253886422	0.177088129		0.000988622859	1301.43203	
0.012	0.309209906	0.177088129		0.00131652229	1182.30753	
0.018	0.309209906	0.177088129		0.00131652229	1182.30753	
0.015	0.340806441	0.177088129		0.000125	1182.30753	
0.012	0.253886422	0.197921463		0.000988622859	1228.96251	
0.018	0.253886422	0.197921463		0.000988622859	1228.96251	
0.012	0.309209906	0.197921463		0.00131652229	1176.1389	
0.018	0.309209906	0.197921463		0.00131652229	1176.1389	
0.015	0.340806441	0.197921463		0.000125	1176.1389	
0.012	0.253886422	0.218754796		0.000988622859	1194.14307	
0.018	0.253886422	0.218754796		0.000988622859	1194.14307	
0.012	0.309209906	0.218754796		0.00131652229	1173.51944	
0.018	0.309209906	0.218754796		0.00131652229	1173.51944	
0.015	0.340806441	0.218754796		0.000125	1173.51944	
0.012	0.253886422	0.239588129		0.000988622859	1180.01851	
0.018	0.253886422	0.239588129		0.000988622859	1180.01851	
0.012	0.309209906	0.239588129		0.00131652229	1172.52096	
0.018	0.309209906	0.239588129		0.00131652229	1172.52096	
0.015	0.340806441	0.239588129		0.000125	1172.52096	
0.012	0.140175287	0.260650807		0.000320912371	2876.17516	
0.018	0.140175287	0.260650807		0.000320912371	2876.17516	
0.012	0.157750371	0.260650807		0.000427505776	2067.45779	
0.018	0.157750371	0.260650807		0.000427505776	2067.45779	
0.012	0.140175287	0.281942777		0.000320910779	2322.19117	
0.018	0.140175287	0.281942777		0.000320910779	2322.19117	
0.012	0.157750371	0.281942777		0.000427503655	1546.01462	
0.018	0.157750371	0.281942777		0.000427503655	1546.01462	
0.012	0.181161918	0.260650807		0.000569452608	1376.56749	
0.018	0.181161918	0.260650807		0.000569452608	1376.56749	
0.012	0.212346916	0.260650807		0.000758530754	1199.48407	
0.018	0.212346916	0.260650807		0.000758530754	1199.48407	
0.012	0.181161918	0.281942777		0.000569449783	1240.6192	
0.018	0.181161918	0.281942777		0.000569449783	1240.6192	
0.012	0.212346916	0.281942777		0.000758526991	1180.43881	
0.018	0.212346916	0.281942777		0.000758526991	1180.43881	
0.012	0.140175287	0.303234694		0.000320910779	1684.08224	
0.018	0.140175287	0.303234694		0.000320910779	1684.08224	
0.012	0.157750371	0.303234694		0.000427503656	1297.72717	
0.018	0.157750371	0.303234694		0.000427503656	1297.72717	
0.012	0.140175287	0.324526611		0.000320910779	1341.75628	
0.018	0.140175287	0.324526611		0.000320910779	1341.75628	
0.012	0.157750371	0.324526611		0.000427503656	1207.99879	
0.018	0.157750371	0.324526611		0.000427503656	1207.99879	
0.012	0.181161918	0.303234694		0.000569449784	1192.309	
0.018	0.181161918	0.303234694		0.000569449784	1192.309	
0.012	0.212346916	0.303234694		0.000758526992	1174.38393	
0.018	0.212346916	0.303234694		0.000758526992	1174.38393	
0.012	0.181161918	0.324526611		0.000569449784	1177.51589	
0.018	0.181161918	0.324526611		0.000569449784	1177.51589	
0.012	0.212346916	0.324526611		0.000758526992	1172.63187	
0.018	0.212346916	0.324526611		0.000758526992	1172.63187	
0.012	0.253886422	0.260650807		0.00101038945	1174.58959	
0.018	0.253886422	0.260650807		0.00101038945	1174.58959	
0.012	0.309209906	0.260650807		0.00134550827	1172.16312	
0.018	0.309209906	0.260650807		0.00134550827	1172.16312	
0.015	0.340806441	0.260650807		0.000127752135	1172.16312	
0.012	0.253886422	0.281942777		0.00101038443	1172.76302	
0.018	0.253886422	0.281942777		0.00101038443	1172.76302	
0.012	0.309209906	0.281942777		0.00134550159	1172.04706	
0.018	0.309209906	0.281942777		0.00134550159	1172.04706	
0.015	0.340806441	0.281942777		0.000127751501	1172.04706	
0.012	0.253886422	0.303234694		0.00101038443	1172.20999	
0.018	0.253886422	0.303234694		0.00101038443	1172.20999	
0.012	0.309209906	0.303234694		0.0013455016	1172.01312	
0.018	0.309209906	0.303234694		0.0013455016	1172.01312	
0.015	0.340806441	0.303234694		0.000127751501	1172.01312	
0.012	0.253886422	0.324526611		0.00101038443	1172.05515	
0.018	0.253886422	0.324526611		0.00101038443	1172.05515	
0.012	0.309209906	0.324526611		0.0013455016	1172.00384	
0.018	0.309209906	0.324526611		0.0013455016	1172.00384	
0.015	0.340806441	0.324526611		0.000127751501	1172.00384	
0.015	0.0331266366	0.376369709		1.72273312e-05	3350.99636	
0.012	0.0332504911	0.37683194		1.03048937e-06	3351.16897	
0.018	0.0332504911	0.37683194		1.03048937e-06	3351.16897	
0.015	0.0413128011	0.345818527		0.000132258086	3359.13262	
0.012	0.0456270807	0.346951818		0.000190184161	3359.16243	
0.018	0.0456270807	0.346951818		0.000190184161	3359.16243	
0.012	0.0586184369	0.345818527		0.000356571996	3274.07204	
0.018	0.0586184369	0.345818527		0.000356571996	3274.07204	
0.015	0.0359792126	0.365723751		0.000115030755	3310.56217	
0.012	0.0428654755	0.36777206		0.000310627292	3310.58654	
0.018	0.0428654755	0.36777206		0.000310627292	3310.58654	
0.012	0.0586184369	0.367110444		0.000356571996	3186.06407	
0.018	0.0586184369	0.367110444		0.000356571996	3186.06407	
0.015	0.0299024972	0.388402361		0.000132258086	3387.96255	
0.012	0.0313231767	0.391217611		7.65594065e-05	3387.95895	
0.015	0.0241973453	0.409694278		0.000132258086	3444.44158	
0.012	0.0287019583	0.410782651		0.000198033027	3444.4376	
0.018	0.0287019583	0.410782651		0.000198033027	3444.4376	
0.012	0.0418716123	0.388402361		0.000356571996	3262.56849	
0.018	0.0418716123	0.388402361		0.000356571996	3262.56849	
0.012	0.0586184369	0.388402361		0.000356571996	2946.6096	
0.018	0.0586184369	0.388402361		0.000356571996	2946.6096	
0.012	0.0418716123	0.409694278		0.000356571996	3052.35666	
0.018	0.0418716123	0.409694278		0.000356571996	3052.35666	
0.012	0.0586184369	0.409694278		0.000356571996	2254.12388	
0.018	0.0586184369	0.409694278		0.000356571996	2254.12388	
0.012	0.0751977476	0.345818527		0.000349438617	3130.18486	
0.018	0.0751977476	0.345818527		0.000349438617	3130.18486	
0.012	0.0916095902	0.345818527		0.000349440556	2680.0289	
0.018	0.0916095902	0.345818527		0.000349440556	2680.0289	
0.012	0.0751977476	0.367110444		0.000349438617	2800.23681	
0.018	0.0751977476	0.367110444		0.000349438617	2800.23681	
0.012	0.0916095902	0.367110444		0.000349440556	2005.39141	
0.018	0.0916095902	0.367110444		0.000349440556	2005.39141	
0.012	0.108021478	0.345818527		0.000349440556	1886.90944	
0.018	0.108021478	0.345818527		0.000349440556	1886.90944	
0.012	0.124433366	0.345818527		0.000349440556	1374.3041	
0.018	0.124433366	0.345818527		0.000349440556	1374.3041	
0.012	0.108021478	0.367110444		0.000349440556	1412.64874	
0.018	0.108021478	0.367110444		0.000349440556	1412.64874	
0.012	0.124433366	0.367110444		0.000349440556	1228.6244	
0.018	0.124433366	0.367110444		0.000349440556	1228.6244	
0.012	0.0751977476	0.388402361		0.000349438617	2131.27485	
0.018	0.0751977476	0.388402361		0.000349438617	2131.27485	
0.012	0.0916095902	0.388402361		0.000349440556	1451.00786	
0.018	0.0916095902	0.388402361		0.000349440556	1451.00786	
0.012	0.0751977476	0.409694278		0.000349438617	1496.90464	
0.018	0.0751977476	0.409694278		0.000349438617	1496.90464	
0.012	0.0916095902	0.409694278		0.000349440556	1251.40633	
0.018	0.0916095902	0.409694278		0.000349440556	1251.40633	
0.012	0.108021478	0.388402361		0.000349440556	1238.6809	
0.018	0.108021478	0.388402361		0.000349440556	1238.6809	
0.012	0.124433366	0.388402361		0.000349440556	1186.53321	
0.018	0.124433366	0.388402361		0.000349440556	1186.53321	
0.012	0.108021478	0.409694278		0.000349440556	1189.14033	
0.018	0.108021478	0.409694278		0.000349440556	1189.14033	
0.012	0.124433366	0.409694278		0.000349440556	1175.55063	
0.018	0.124433366	0.409694278		0.000349440556	1175.55063	
0.015	0.0161954971	0.439557582		2.57730508e-05	3503.98114	
0.012	0.0163807903	0.440249106		2.30642412e-06	3504.00598	
0.018	0.0163807903	0.440249106		2.30642412e-06	3504.00598	
0.015	0.0190480731	0.428911624		0.000106485035	3145.66727	
0.012	0.0259740707	0.431598331		0.000317200224	3145.6747	
0.018	0.0259740707	0.431598331		0.000317200224	3145.6747	
0.015	0.0127870414	0.452278112		0.000132258086	3699.96295	
0.012	0.0144271093	0.454831579		8.4408299e-05	3699.96392	
0.018	0.0144271093	0.454831579		8.4408299e-05	3699.96392	
0.012	0.0251247884	0.452278112		0.000356571969	2720.95731	
0.018	0.0251247884	0.452278112		0.000356571969	2720.95731	
0.012	0.0418716123	0.430986195		0.000356571996	2414.16588	
0.018	0.0418716123	0.430986195		0.000356571996	2414.16588	
0.012	0.0586184369	0.430986195		0.000356571996	1586.82091	
0.018	0.0586184369	0.430986195		0.000356571996	1586.82091	
0.012	0.0418716123	0.452278112		0.000356571996	1679.99676	
0.018	0.0418716123	0.452278112		0.000356571996	1679.99676	
0.012	0.0586184369	0.452278112		0.000356571996	1288.549	
0.018	0.0586184369	0.452278112		0.000356571996	1288.549	
0.015	0.00708188949	0.473570029		0.000132258086	2615.61495	
0.012	0.0117763777	0.47461691		0.00020588192	2615.61541	
0.018	0.0117763777	0.47461691		0.00020588192	2615.61541	
0.012	0.0251247884	0.473570029		0.000356571969	1752.14003	
0.018	0.0251247884	0.473570029		0.000356571969	1752.14003	
0.015	0.00211465676	0.492107994		9.8044876e-05	1656.26943	
0.012	0.00909487535	0.495417874		0.000323291152	1656.26944	
0.018	0.00909487535	0.495417874		0.000323291152	1656.26944	
0.015	0	0.502753952		3.30474234e-05	1656.26944	
0.012	0.0251247884	0.494861945		0.000356571969	1298.40776	
0.018	0.0251247884	0.494861945		0.000356571969	1298.40776	
0.012	0.0418716123	0.473570029		0.000356571996	1297.94961	
0.018	0.0418716123	0.473570029		0.000356571996	1297.94961	
0.012	0.0586184369	0.473570029		0.000356571996	1194.96294	
0.018	0.0586184369	0.473570029		0.000356571996	1194.96294	
0.012	0.0418716123	0.494861945		0.000356571996	1191.23087	
0.018	0.0418716123	0.494861945		0.000356571996	1191.23087	
0.012	0.0586184369	0.494861945		0.000356571996	1174.85002	
0.018	0.0586184369	0.494861945		0.000356571996	1174.85002	
0.012	0.0751977476	0.430986195		0.000349438617	1270.83767	
0.018	0.0751977476	0.430986195		0.000349438617	1270.83767	
0.012	0.0916095902	0.430986195		0.000349440556	1192.58303	
0.018	0.0916095902	0.430986195		0.000349440556	1192.58303	
0.012	0.0751977476	0.452278112		0.000349438617	1194.95092	
0.018	0.0751977476	0.452278112		0.000349438617	1194.95092	
0.012	0.0916095902	0.452278112		0.000349440556	1176.30862	
0.018	0.0916095902	0.452278112		0.000349440556	1176.30862	
0.012	0.108021478	0.430986195		0.000349440556	1176.06888	
0.018	0.108021478	0.430986195		0.000349440556	1176.06888	
0.012	0.124433366	0.430986195		0.000349440556	1172.78793	
0.018	0.124433366	0.430986195		0.000349440556	1172.78793	
0.012	0.108021478	0.452278112		0.000349440556	1172.78755	
0.018	0.108021478	0.452278112		0.000349440556	1172.78755	
0.012	0.124433366	0.452278112		0.000349440556	1172.14276	
0.018	0.124433366	0.452278112		0.000349440556	1172.14276	
0.012	0.0751977476	0.473570029		0.000349438617	1175.97992	
0.018	0.0751977476	0.473570029		0.000349438617	1175.97992	
0.012	0.0916095902	0.473570029		0.000349440556	1172.67782	
0.018	0.0916095902	0.473570029		0.000349440556	1172.67782	
0.012	0.0751977476	0.494861945		0.000349438617	1172.42388	
0.018	0.0751977476	0.494861945		0.000349438617	1172.42388	
0.012	0.0916095902	0.494861945		0.000349440556	1172.06408	
0.018	0.0916095902	0.494861945		0.000349440556	1172.06408	
0.012	0.108021478	0.473570029		0.000349440556	1172.11421	
0.018	0.108021478	0.473570029		0.000349440556	1172.11421	
0.012	0.124433366	0.473570029		0.000349440556	1172.01967	
0.018	0.124433366	0.473570029		0.000349440556	1172.01967	
0.012	0.108021478	0.494861945		0.000349440556	1172.01022	
0.018	0.108021478	0.494861945		0.000349440556	1172.01022	
0.012	0.124433366	0.494861945		0.000349440556	1172.00219	
0.018	0.124433366	0.494861945		0.000349440556	1172.00219	
0.012	0.140175287	0.345818527		0.000320910779	1220.20694	
0.018	0.140175287	0.345818527		0.000320910779	1220.20694	
0.012	0.157750371	0.345818527		0.000427503656	1181.58439	
0.018	0.157750371	0.345818527		0.000427503656	1181.58439	
0.012	0.140175287	0.367110444		0.000320910779	1184.58622	
0.018	0.140175287	0.367110444		0.000320910779	1184.58622	
0.012	0.157750371	0.367110444		0.000427503656	1174.42603	
0.018	0.157750371	0.367110444		0.000427503656	1174.42603	
0.012	0.181161918	0.345818527		0.000569449784	1173.42833	
0.018	0.181161918	0.345818527		0.000569449784	1173.42833	
0.012	0.212346916	0.345818527		0.000758526992	1172.16078	
0.018	0.212346916	0.345818527		0.000758526992	1172.16078	
0.012	0.181161918	0.367110444		0.000569449784	1172.35373	
0.018	0.181161918	0.367110444		0.000569449784	1172.35373	
0.012	0.212346916	0.367110444		0.000758526992	1172.03949	
0.018	0.212346916	0.367110444		0.000758526992	1172.03949	
0.012	0.140175287	0.388402361		0.000320910779	1175.12129	
0.018	0.140175287	0.388402361		0.000320910779	1175.12129	
0.012	0.157750371	0.388402361		0.000427503656	1172.58555	
0.018	0.157750371	0.388402361		0.000427503656	1172.58555	
0.012	0.140175287	0.409694278		0.000320910779	1172.73192	
0.018	0.140175287	0.409694278		0.000320910779	1172.73192	
0.012	0.157750371	0.409694278		0.000427503656	1172.13233	
0.018	0.157750371	0.409694278		0.000427503656	1172.13233	
0.012	0.181161918	0.388402361		0.000569449784	1172.08351	
0.018	0.181161918	0.388402361		0.000569449784	1172.08351	
0.012	0.212346916	0.388402361		0.000758526992	1172.00962	
0.018	0.212346916	0.388402361		0.000758526992	1172.00962	
0.012	0.181161918	0.409694278		0.000569449784	1172.01867	
0.018	0.181161918	0.409694278		0.000569449784	1172.01867	
0.012	0.212346916	0.409694278		0.000758526992	1172.00265	
0.018	0.212346916	0.409694278		0.000758526992	1172.00265	
0.012	0.253886422	0.345818527		0.00101038443	1172.01429	
0.018	0.253886422	0.345818527		0.00101038443	1172.01429	
0.012	0.309209906	0.345818527		0.0013455016	1172.00142	
0.018	0.309209906	0.345818527		0.0013455016	1172.00142	
0.015	0.340806441	0.345818527		0.000127751501	1172.00142	
0.012	0.253886422	0.367110444		0.00101038443	1172.00397	
0.018	0.253886422	0.367110444		0.00101038443	1172.00397	
0.012	0.309209906	0.367110444		0.0013455016	1172.00081	
0.018	0.309209906	0.367110444		0.0013455016	1172.00081	
0.015	0.340806441	0.367110444		0.000127751501	1172.00081	
0.012	0.253886422	0.388402361		0.00101038443	1172.00147	
0.018	0.253886422	0.388402361		0.00101038443	1172.00147	
0.012	0.309209906	0.388402361		0.0013455016	1172.00066	
0.018	0.309209906	0.388402361		0.0013455016	1172.00066	
0.015	0.340806441	0.388402361		0.000127751501	1172.00066	
0.012	0.253886422	0.409694278		0.00101038443	1172.0009	
0.018	0.253886422	0.409694278		0.00101038443	1172.0009	
0.012	0.309209906	0.409694278		0.0013455016	1172.00061	
0.018	0.309209906	0.409694278		0.0013455016	1172.00061	
0.015	0.340806441	0.409694278		0.000127751501	1172.00061	
0.012	0.140175287	0.430986195		0.000320910779	1172.15356	
0.018	0.140175287	0.430986195		0.000320910779	1172.15356	
0.012	0.157750371	0.430986195		0.000427503656	1172.02682	
0.018	0.157750371	0.430986195		0.000427503656	1172.02682	
0.012	0.140175287	0.452278112		0.000320910779	1172.02664	
0.018	0.140175287	0.452278112		0.000320910779	1172.02664	
0.012	0.157750371	0.452278112		0.000427503656	1172.00497	
0.018	0.157750371	0.452278112		0.000427503656	1172.00497	
0.012	0.181161918	0.430986195		0.000569449784	1172.00419	
0.018	0.181161918	0.430986195		0.000569449784	1172.00419	
0.012	0.212346916	0.430986195		0.000758526992	1172.00115	
0.018	0.212346916	0.430986195		0.000758526992	1172.00115	
0.012	0.181161918	0.452278112		0.000569449784	1172.00134	
0.018	0.181161918	0.452278112		0.000569449784	1172.00134	
0.012	0.212346916	0.452278112		0.000758526992	1172.00086	
0.018	0.212346916	0.452278112		0.000758526992	1172.00086	
0.012	0.140175287	0.473570029		0.000320910779	1172.00399	
0.018	0.140175287	0.473570029		0.000320910779	1172.00399	
0.012	0.157750371	0.473570029		0.000427503656	1172.0013	
0.018	0.157750371	0.473570029		0.000427503656	1172.0013	
0.012	0.140175287	0.494861945		0.000320910779	1172.001	
0.018	0.140175287	0.494861945		0.000320910779	1172.001	
0.012	0.157750371	0.494861945		0.000427503656	1172.00083	
0.018	0.157750371	0.494861945		0.000427503656	1172.00083	
0.012	0.181161918	0.473570029		0.000569449784	1172.00088	
0.018	0.181161918	0.473570029		0.000569449784	1172.00088	
0.012	0.212346916	0.473570029		0.000758526992	1172.00079	
0.018	0.212346916	0.473570029		0.000758526992	1172.00079	
0.012	0.181161918	0.494861945		0.000569449784	1172.0008	
0.018	0.181161918	0.494861945		0.000569449784	1172.0008	
0.012	0.212346916	0.494861945		0.000758526992	1172.00076	
0.018	0.212346916	0.494861945		0.000758526992	1172.00076	
0.012	0.253886422	0.430986195		0.00101038443	1172.00076	
0.018	0.253886422	0.430986195		0.00101038443	1172.00076	
0.012	0.309209906	0.430986195		0.0013455016	1172.00059	
0.018	0.309209906	0.430986195		0.0013455016	1172.00059	
0.015	0.340806441	0.430986195		0.000127751501	1172.00059	
0.012	0.253886422	0.452278112		0.00101038443	1172.00072	
0.018	0.253886422	0.452278112		0.00101038443	1172.00072	
0.012	0.309209906	0.452278112		0.0013455016	1172.00057	
0.018	0.309209906	0.452278112		0.0013455016	1172.00057	
0.015	0.340806441	0.452278112		0.000127751501	1172.00057	
0.012	0.253886422	0.473570029		0.00101038443	1172.0007	
0.018	0.253886422	0.473570029		0.00101038443	1172.0007	
0.012	0.309209906	0.473570029		0.0013455016	1172.00056	
0.018	0.309209906	0.473570029		0.0013455016	1172.00056	
0.015	0.340806441	0.473570029		0.000127751501	1172.00056	
0.012	0.253886422	0.494861945		0.00101038443	1172.00068	
0.018	0.253886422	0.494861945		0.00101038443	1172.00068	
0.012	0.309209906	0.494861945		0.0013455016	1172.00054	
0.018	0.309209906	0.494861945		0.0013455016	1172.00054	
0.015	0.340806441	0.494861945		0.000127751501	1172.00054	
0.012	0.00837568839	0.516153862		0.000356668922	1172.01532	
0.018	0.00837568839	0.516153862		0.000356668922	1172.01532	
0.015	0	0.516153862		0.000127751501	1172.01532	
0.012	0.0251247884	0.516153862		0.000356571969	1172.00864	
0.018	0.0251247884	0.516153862		0.000356571969	1172.00864	
0.012	0.00837568839	0.537276946		0.000351012547	1172.00039	
0.018	0.00837568839	0.537276946		0.000351012547	1172.00039	
0.015	0	0.537276946		0.000125725504	1172.00039	
0.012	0.0251247884	0.537276946		0.000350917132	1172.00044	
0.018	0.0251247884	0.537276946		0.000350917132	1172.00044	
0.012	0.0418716123	0.516153862		0.000356571996	1172.00261	
0.018	0.0418716123	0.516153862		0.000356571996	1172.00261	
0.012	0.0586184369	0.516153862		0.000356571996	1172.00102	
0.018	0.0586184369	0.516153862		0.000356571996	1172.00102	
0.012	0.0418716123	0.537276946		0.000350917158	1172.00049	
0.018	0.0418716123	0.537276946		0.000350917158	1172.00049	
0.012	0.0586184369	0.537276946		0.000350917158	1172.00055	
0.018	0.0586184369	0.537276946		0.000350917158	1172.00055	
0.012	0.00837568839	0.561436535		0.00045840021	1172.00037	
0.018	0.00837568839	0.561436535		0.00045840021	1172.00037	
0.015	0	0.561436535		0.000164189565	1172.00037	
0.012	0.0251247884	0.561436535		0.000458275604	1172.00042	
0.018	0.0251247884	0.561436535		0.000458275604	1172.00042	
0.012	0.00837568839	0.592986402		0.000598607203	1172.00034	
0.018	0.00837568839	0.592986402		0.000598607203	1172.00034	
0.015	0	0.592986402		0.000214408837	1172.00034	
0.012	0.0251247884	0.592986402		0.000598444484	1172.00039	
0.018	0.0251247884	0.592986402		0.000598444484	1172.00039	
0.012	0.0418716123	0.561436535		0.000458275638	1172.00047	
0.018	0.0418716123	0.561436535		0.000458275638	1172.00047	
0.012	0.0586184369	0.561436535		0.000458275638	1172.00053	
0.018	0.0586184369	0.561436535		0.000458275638	1172.00053	
0.012	0.0418716123	0.592986402		0.000598444529	1172.00044	
0.018	0.0418716123	0.592986402		0.000598444529	1172.00044	
0.012	0.0586184369	0.592986402		0.000598444529	1172.0005	
0.018	0.0586184369	0.592986402		0.000598444529	1172.0005	
0.012	0.0751977476	0.516153862		0.000349438617	1172.0007	
0.018	0.0751977476	0.516153862		0.000349438617	1172.0007	
0.012	0.0916095902	0.516153862		0.000349440556	1172.00069	
0.018	0.0916095902	0.516153862		0.000349440556	1172.00069	
0.012	0.0751977476	0.537276946		0.000343896907	1172.0006	
0.018	0.0751977476	0.537276946		0.000343896907	1172.0006	
0.012	0.0916095902	0.537276946		0.000343898816	1172.00065	
0.018	0.0916095902	0.537276946		0.000343898816	1172.00065	
0.012	0.108021478	0.516153862		0.000349440556	1172.00071	
0.018	0.108021478	0.516153862		0.000349440556	1172.00071	
0.012	0.124433366	0.516153862		0.000349440556	1172.00074	
0.018	0.124433366	0.516153862		0.000349440556	1172.00074	
0.012	0.108021478	0.537276946		0.000343898815	1172.00069	
0.018	0.108021478	0.537276946		0.000343898815	1172.00069	
0.012	0.124433366	0.537276946		0.000343898815	1172.00072	
0.018	0.124433366	0.537276946		0.000343898815	1172.00072	
0.012	0.0751977476	0.561436535		0.000449107634	1172.00058	
0.018	0.0751977476	0.561436535		0.000449107634	1172.00058	
0.012	0.0916095902	0.561436535		0.000449110126	1172.00063	
0.018	0.0916095902	0.561436535		0.000449110126	1172.00063	
0.012	0.0751977476	0.592986402		0.000586472385	1172.00055	
0.018	0.0751977476	0.592986402		0.000586472385	1172.00055	
0.012	0.0916095902	0.592986402		0.000586475639	1172.00058	
0.018	0.0916095902	0.592986402		0.000586475639	1172.00058	
0.012	0.108021478	0.561436535		0.000449110125	1172.00066	
0.018	0.108021478	0.561436535		0.000449110125	1172.00066	
0.012	0.124433366	0.561436535		0.000449110125	1172.00068	
0.018	0.124433366	0.561436535		0.000449110125	1172.00068	
0.012	0.108021478	0.592986402		0.000586475638	1172.00061	
0.018	0.108021478	0.592986402		0.000586475638	1172.00061	
0.012	0.124433366	0.592986402		0.000586475638	1172.00064	
0.018	0.124433366	0.592986402		0.000586475638	1172.00064	
0.012	0.00837568839	0.63418616		0.000781698129	1172.0003	
0.018	0.00837568839	0.63418616		0.000781698129	1172.0003	
0.015	0	0.63418616		0.000279988256	1172.0003	
0.012	0.0251247884	0.63418616		0.000781485641	1172.00035	
0.018	0.0251247884	0.63418616		0.000781485641	1172.00035	
0.012	0.00837568839	0.687987339		0.00102078953	1172.00025	
0.018	0.00837568839	0.687987339		0.00102078953	1172.00025	
0.015	0	0.687987339		0.000365625898	1172.00025	
0.012	0.0251247884	0.687987339		0.00102051205	1172.0003	
0.018	0.0251247884	0.687987339		0.00102051205	1172.0003	
0.012	0.0418716123	0.63418616		0.000781485699	1172.00041	
0.018	0.0418716123	0.63418616		0.000781485699	1172.00041	
0.012	0.0586184369	0.63418616		0.000781485699	1172.00046	
0.018	0.0586184369	0.63418616		0.000781485699	1172.00046	
0.012	0.0418716123	0.687987339		0.00102051213	1172.00035	
0.018	0.0418716123	0.687987339		0.00102051213	1172.00035	
0.012	0.0586184369	0.687987339		0.00102051213	1172.00039	
0.018	0.0586184369	0.687987339		0.00102051213	1172.00039	
0.012	0.00837568839	0.758244231		0.0013330098	1172.00019	
0.018	0.00837568839	0.758244231		0.0013330098	1172.00019	
0.015	0	0.758244231		0.000477456801	1172.00019	
0.012	0.0251247884	0.758244231		0.00133264745	1172.00023	
0.018	0.0251247884	0.758244231		0.00133264745	1172.00023	
0.012	0.00837568839	0.849978043		0.00174032551	1172.00009	
0.018	0.00837568839	0.849978043		0.00174032551	1172.00009	
0.015	0	0.849978043		0.000623348947	1172.00009	
0.015	0.00837568839	0.901923789		0.000100508261	1172.00009	
0.012	0.0251247884	0.849978043		0.00173985244	1172.00012	
0.018	0.0251247884	0.849978043		0.00173985244	1172.00012	
0.015	0.0251247884	0.901923789		0.00010048094	1172.00012	
0.012	0.0418716123	0.758244231		0.00133264755	1172.00026	
0.018	0.0418716123	0.758244231		0.00133264755	1172.00026	
0.012	0.0586184369	0.758244231		0.00133264754	1172.00029	
0.018	0.0586184369	0.758244231		0.00133264754	1172.00029	
0.012	0.0418716123	0.849978043		0.00173985257	1172.00013	
0.018	0.0418716123	0.849978043		0.00173985257	1172.00013	
0.015	0.0418716123	0.901923789		0.000100480947	1172.00013	
0.012	0.0586184369	0.849978043		0.00173985257	1172.00014	
0.018	0.0586184369	0.849978043		0.00173985257	1172.00014	
0.015	0.0586184369	0.901923789		0.000100480947	1172.00014	
0.012	0.0751977476	0.63418616		0.000765851737	1172.0005	
0.018	0.0751977476	0.63418616		0.000765851737	1172.0005	
0.012	0.0916095902	0.63418616		0.000765855986	1172.00053	
0.018	0.0916095902	0.63418616		0.000765855986	1172.00053	
0.012	0.0751977476	0.687987339		0.00100009633	1172.00042	
0.018	0.0751977476	0.687987339		0.00100009633	1172.00042	
0.012	0.0916095902	0.687987339		0.00100010188	1172.00044	
0.018	0.0916095902	0.687987339		0.00100010188	1172.00044	
0.012	0.108021478	0.63418616		0.000765855985	1172.00055	
0.018	0.108021478	0.63418616		0.000765855985	1172.00055	
0.012	0.124433366	0.63418616		0.000765855985	1172.00057	
0.018	0.124433366	0.63418616		0.000765855985	1172.00057	
0.012	0.108021478	0.687987339		0.00100010188	1172.00046	
0.018	0.108021478	0.687987339		0.00100010188	1172.00046	
0.012	0.124433366	0.687987339		0.00100010188	1172.00047	
0.018	0.124433366	0.687987339		0.00100010188	1172.00047	
0.012	0.0751977476	0.758244231		0.00130598735	1172.00031	
0.018	0.0751977476	0.758244231		0.00130598735	1172.00031	
0.012	0.0916095902	0.758244231		0.0013059946	1172.00032	
0.018	0.0916095902	0.758244231		0.0013059946	1172.00032	
0.012	0.0751977476	0.849978043		0.00170504606	1172.00014	
0.018	0.0751977476	0.849978043		0.00170504606	1172.00014	
0.015	0.0751977476	0.901923789		9.84707819e-05	1172.00014	
0.012	0.0916095902	0.849978043		0.00170505552	1172.00014	
0.018	0.0916095902	0.849978043		0.00170505552	1172.00014	
0.015	0.0916095902	0.901923789		9.84713284e-05	1172.00014	
0.012	0.108021478	0.758244231		0.00130599459	1172.00032	
0.018	0.108021478	0.758244231		0.00130599459	1172.00032	
0.012	0.124433366	0.758244231		0.00130599459	1172.00032	
0.018	0.124433366	0.758244231		0.00130599459	1172.00032	
0.012	0.108021478	0.849978043		0.00170505552	1172.00013	
0.018	0.108021478	0.849978043		0.00170505552	1172.00013	
0.015	0.108021478	0.901923789		9.84713282e-05	1172.00013	
0.012	0.124433366	0.849978043		0.00170505552	1172.00013	
0.018	0.124433366	0.849978043		0.00170505552	1172.00013	
0.015	0.124433366	0.901923789		9.84713282e-05	1172.00013	
0.012	0.140175287	0.516153862		0.000320910779	1172.00076	
0.018	0.140175287	0.516153862		0.000320910779	1172.00076	
0.012	0.157750371	0.516153862		0.000427503656	1172.00077	
0.018	0.157750371	0.516153862		0.000427503656	1172.00077	
0.012	0.140175287	0.537276946		0.000315821489	1172.00073	
0.018	0.140175287	0.537276946		0.000315821489	1172.00073	
0.012	0.157750371	0.537276946		0.000420723921	1172.00074	
0.018	0.157750371	0.537276946		0.000420723921	1172.00074	
0.012	0.181161918	0.516153862		0.000569449784	1172.00077	
0.018	0.181161918	0.516153862		0.000569449784	1172.00077	
0.012	0.212346916	0.516153862		0.000758526992	1172.00073	
0.018	0.212346916	0.516153862		0.000758526992	1172.00073	
0.012	0.181161918	0.537276946		0.00056041894	1172.00074	
0.018	0.181161918	0.537276946		0.00056041894	1172.00074	
0.012	0.212346916	0.537276946		0.000746497593	1172.0007	
0.018	0.212346916	0.537276946		0.000746497593	1172.0007	
0.012	0.140175287	0.561436535		0.000412442912	1172.0007	
0.018	0.140175287	0.561436535		0.000412442912	1172.0007	
0.012	0.157750371	0.561436535		0.00054943886	1172.0007	
0.018	0.157750371	0.561436535		0.00054943886	1172.0007	
0.012	0.140175287	0.592986402		0.000538593334	1172.00065	
0.018	0.140175287	0.592986402		0.000538593334	1172.00065	
0.012	0.157750371	0.592986402		0.000717491073	1172.00065	
0.018	0.157750371	0.592986402		0.000717491073	1172.00065	
0.012	0.181161918	0.561436535		0.000731871729	1172.0007	
0.018	0.181161918	0.561436535		0.000731871729	1172.0007	
0.012	0.212346916	0.561436535		0.000974878694	1172.00067	
0.018	0.212346916	0.561436535		0.000974878694	1172.00067	
0.012	0.181161918	0.592986402		0.00095572314	1172.00064	
0.018	0.181161918	0.592986402		0.00095572314	1172.00064	
0.012	0.212346916	0.592986402		0.00127305659	1172.00062	
0.018	0.212346916	0.592986402		0.00127305659	1172.00062	
0.012	0.253886422	0.516153862		0.00101038443	1172.00065	
0.018	0.253886422	0.516153862		0.00101038443	1172.00065	
0.012	0.309209906	0.516153862		0.0013455016	1172.00052	
0.018	0.309209906	0.516153862		0.0013455016	1172.00052	
0.015	0.340806441	0.516153862		0.000127751501	1172.00052	
0.012	0.253886422	0.537276946		0.000994360855	1172.00063	
0.018	0.253886422	0.537276946		0.000994360855	1172.00063	
0.012	0.309209906	0.537276946		0.00132416343	1172.0005	
0.018	0.309209906	0.537276946		0.00132416343	1172.0005	
0.015	0.340806441	0.537276946		0.000125725504	1172.0005	
0.012	0.253886422	0.561436535		0.00129857245	1172.0006	
0.018	0.253886422	0.561436535		0.00129857245	1172.0006	
0.012	0.309209906	0.561436535		0.00172927378	1172.00048	
0.018	0.309209906	0.561436535		0.00172927378	1172.00048	
0.015	0.340806441	0.561436535		0.000164189565	1172.00048	
0.012	0.253886422	0.592986402		0.00169575582	1172.00056	
0.018	0.253886422	0.592986402		0.00169575582	1172.00056	
0.012	0.309209906	0.592986402		0.00225819211	1172.00045	
0.018	0.309209906	0.592986402		0.00225819211	1172.00045	
0.015	0.340806441	0.592986402		0.000214408837	1172.00045	
0.012	0.140175287	0.63418616		0.000703328326	1172.00057	
0.018	0.140175287	0.63418616		0.000703328326	1172.00057	
0.012	0.157750371	0.63418616		0.000936944004	1172.00057	
0.018	0.157750371	0.63418616		0.000936944004	1172.00057	
0.012	0.140175287	0.687987339		0.000918449417	1172.00047	
0.018	0.140175287	0.687987339		0.000918449417	1172.00047	
0.012	0.157750371	0.687987339		0.00122351915	1172.00047	
0.018	0.157750371	0.687987339		0.00122351915	1172.00047	
0.012	0.181161918	0.63418616		0.0012480421	1172.00057	
0.018	0.181161918	0.63418616		0.0012480421	1172.00057	
0.012	0.212346916	0.63418616		0.00166243565	1172.00055	
0.018	0.212346916	0.63418616		0.00166243565	1172.00055	
0.012	0.181161918	0.687987339		0.00162977019	1172.00047	
0.018	0.181161918	0.687987339		0.00162977019	1172.00047	
0.012	0.212346916	0.687987339		0.00217091079	1172.00045	
0.018	0.212346916	0.687987339		0.00217091079	1172.00045	
0.012	0.140175287	0.758244231		0.00119936778	1172.00032	
0.018	0.140175287	0.758244231		0.00119936778	1172.00032	
0.012	0.157750371	0.758244231		0.00159774661	1172.00032	
0.018	0.157750371	0.758244231		0.00159774661	1172.00032	
0.012	0.140175287	0.849978043		0.00156584772	1172.00013	
0.018	0.140175287	0.849978043		0.00156584772	1172.00013	
0.015	0.140175287	0.901923789		9.04317205e-05	1172.00013	
0.012	0.157750371	0.849978043		0.00208595555	1172.00013	
0.018	0.157750371	0.849978043		0.00208595555	1172.00013	
0.015	0.157750371	0.901923789		0.000120469282	1172.00013	
0.012	0.181161918	0.758244231		0.00212825422	1172.00032	
0.018	0.181161918	0.758244231		0.00212825422	1172.00032	
0.012	0.212346916	0.758244231		0.00283490893	1172.00031	
0.018	0.212346916	0.758244231		0.00283490893	1172.00031	
0.012	0.181161918	0.849978043		0.00277856557	1172.00013	
0.018	0.181161918	0.849978043		0.00277856557	1172.00013	
0.015	0.181161918	0.901923789		0.000160469286	1172.00013	
0.012	0.212346916	0.849978043		0.00370114634	1172.00013	
0.018	0.212346916	0.849978043		0.00370114634	1172.00013	
0.015	0.212346916	0.901923789		0.000213750691	1172.00013	
0.012	0.253886422	0.63418616		0.00221442232	1172.0005	
0.018	0.253886422	0.63418616		0.00221442232	1172.0005	
0.012	0.309209906	0.63418616		0.00294888625	1172.00041	
0.018	0.309209906	0.63418616		0.00294888625	1172.00041	
0.015	0.340806441	0.63418616		0.000279988256	1172.00041	
0.012	0.253886422	0.687987339		0.00289172896	1172.00042	
0.018	0.253886422	0.687987339		0.00289172896	1172.00042	
0.012	0.309209906	0.687987339		0.00385083717	1172.00035	
0.018	0.309209906	0.687987339		0.00385083717	1172.00035	
0.015	0.340806441	0.687987339		0.000365625898	1172.00035	
0.012	0.253886422	0.758244231		0.00377619766	1172.0003	
0.018	0.253886422	0.758244231		0.00377619766	1172.0003	
0.012	0.309209906	0.758244231		0.00502866019	1172.00025	
0.018	0.309209906	0.758244231		0.00502866019	1172.00025	
0.015	0.340806441	0.758244231		0.000477456801	1172.00025	
0.012	0.253886422	0.849978043		0.00493005614	1172.00013	
0.018	0.253886422	0.849978043		0.00493005614	1172.00013	
0.015	0.253886422	0.901923789		0.000284723383	1172.00013	
0.012	0.309209906	0.849978043		0.00656522228	1172.00012	
0.018	0.309209906	0.849978043		0.00656522228	1172.00012	
0.015	0.340806441	0.849978043		0.000623348947	1172.00012	
0.015	0.309209906	0.901923789		0.000379158421	1172.00012	
0.015	0.00837568839	0.0104190652	2.09440424e-06			
0.015	0.0251247884	0.0104190652	2.09383492e-06			
0.015	0.00837568839	0.0312547965	2.09392199e-06			
0.015	0.0251247884	0.0312547965	2.0933528e-06			
0.015	0.0418716123	0.0104190652	2.09383508e-06			
0.015	0.0586184369	0.0104190652	2.09383508e-06			
0.015	0.0418716123	0.0312547965	2.09335295e-06			
0.015	0.0586184369	0.0312547965	2.09335295e-06			
0.015	0.00837568839	0.0520881293	2.0939221e-06			
0.015	0.0251247884	0.0520881293	2.09335291e-06			
0.015	0.00837568839	0.0729214626	2.0939221e-06			
0.015	0.0251247884	0.0729214626	2.09335291e-06			
0.015	0.0418716123	0.0520881293	2.09335307e-06			
0.015	0.0586184369	0.0520881293	2.09335307e-06			
0.015	0.0418716123	0.0729214626	2.09335307e-06			
0.015	0.0586184369	0.0729214626	2.09335307e-06			
0.015	0.0751977476	0.0104190652	2.05194699e-06			
0.015	0.0916095902	0.0104190652	2.05195838e-06			
0.015	0.0751977476	0.0312547965	2.05147452e-06			
0.015	0.0916095902	0.0312547965	2.0514859e-06			
0.015	0.108021478	0.0104190652	2.05195838e-06			
0.015	0.123691701	0.00985825588	1.84989208e-06			
0.015	0.108021478	0.0312547965	2.0514859e-06			
0.015	0.121052195	0.0302207637	1.1715595e-06			
0.015	0.0751977476	0.0520881293	2.05147462e-06			
0.015	0.0916095902	0.0520881293	2.05148601e-06			
0.015	0.0751977476	0.0729214626	2.05147462e-06			
0.015	0.0916095902	0.0729214626	2.05148601e-06			
0.015	0.108021478	0.0520881293	2.051486e-06			
0.015	0.118465093	0.0495311548	4.73775228e-07			
0.015	0.107156749	0.0723109297	1.81630166e-06			
0.015	0.116560444	0.063747649	1.1175212e-08			
0.015	0.00837568839	0.0937547959	2.0939221e-06			
0.015	0.0251247884	0.0937547959	2.09335291e-06			
0.015	0.00837568839	0.114588129	2.0939221e-06			
0.015	0.0251247884	0.114588129	2.09335291e-06			
0.015	0.0418716123	0.0937547959	2.09335307e-06			
0.015	0.0586184369	0.0937547959	2.09335307e-06			
0.015	0.0418716123	0.114588129	2.09335307e-06			
0.015	0.0586184369	0.114588129	2.09335307e-06			
0.015	0.00837568839	0.135421463	2.0939221e-06			
0.015	0.0251247884	0.135421463	2.09335291e-06			
0.015	0.00837568839	0.156254796	2.0939221e-06			
0.015	0.0251247884	0.156254796	2.09335291e-06			
0.015	0.0418716123	0.135421463	2.09335307e-06			
0.015	0.0586184369	0.135421463	2.09335307e-06			
0.015	0.0418716123	0.156254796	2.09335307e-06			
0.015	0.0586184369	0.156254796	2.09335307e-06			
0.015	0.0751977476	0.0937547959	2.05147462e-06			
0.015	0.0916095902	0.0937547959	2.05148601e-06			
0.015	0.0751977476	0.114588129	2.05147462e-06			
0.015	0.0916095902	0.114588129	2.05148601e-06			
0.015	0.104477973	0.0926824412	1.12969252e-06			
0.015	0.101918943	0.111783294	4.31908166e-07			
0.015	0.0751977476	0.135421463	2.05147462e-06			
0.015	0.090610911	0.134767737	1.78067158e-06			
0.015	0.0751977476	0.156254796	2.05147462e-06			
0.015	0.0879041456	0.15514117	1.08782546e-06			
0.015	0.10003691	0.125830982	4.93824082e-09			
0.015	0.133084406	0.00166111835	1.99626121e-08			
0.015	0.00837568839	0.177088129	2.0939221e-06			
0.015	0.0251247884	0.177088129	2.09335291e-06			
0.015	0.00837568839	0.197921463	2.0939221e-06			
0.015	0.0251247884	0.197921463	2.09335291e-06			
0.015	0.0418716123	0.177088129	2.09335307e-06			
0.015	0.0586184369	0.177088129	2.09335307e-06			
0.015	0.0418716123	0.197921463	2.09335307e-06			
0.015	0.0586184369	0.197921463	2.09335307e-06			
0.015	0.00837568839	0.218754796	2.0939221e-06			
0.015	0.0251247884	0.218754796	2.09335291e-06			
0.015	0.00837568839	0.239588129	2.0939221e-06			
0.015	0.0251247884	0.239588129	2.09335291e-06			
0.015	0.0418716123	0.218754796	2.09335307e-06			
0.015	0.0586184369	0.218754796	2.09335307e-06			
0.015	0.0418716123	0.239588129	2.09335307e-06			
0.015	0.0586184353	0.239588127	2.09335268e-06			
0.015	0.0751977476	0.177088129	2.05147462e-06			
0.015	0.0853799231	0.173982223	3.90041108e-07			
0.015	0.0740532691	0.197233212	1.74251808e-06			
0.015	0.0835133766	0.187914316	1.21329352e-09			
0.015	0.0713308086	0.217596581	1.04594702e-06			
0.015	0.068850662	0.236108647	3.48163047e-07			
0.015	0.00837568839	0.260650807	2.14002414e-06			
0.015	0.0251247884	0.260650807	2.13944243e-06			
0.015	0.00837568839	0.281942777	2.14001353e-06			
0.015	0.0251247884	0.281942777	2.13943181e-06			
0.015	0.0418716123	0.260650807	2.13944258e-06			
0.015	0.0572868745	0.259921932	1.77427253e-06			
0.015	0.0418716123	0.281942777	2.13943197e-06			
0.015	0.0545023697	0.280705759	1.0454202e-06			
0.015	0.00837568839	0.303234694	2.14001353e-06			
0.015	0.0251247884	0.303234694	2.13943182e-06			
0.015	0.00837568839	0.324526611	2.14001353e-06			
0.015	0.0251247884	0.324526611	2.13943182e-06			
0.015	0.0418655539	0.303227217	2.13786175e-06			
0.015	0.05202191	0.299220162	3.18148708e-07			
0.015	0.0403583889	0.323777869	1.72716873e-06			
0.015	0.00837568839	0.345818527	2.14001353e-06			
0.015	0.0251247884	0.345818527	2.13943182e-06			
0.015	0.00837568839	0.367110444	2.14001353e-06			
0.015	0.0251012372	0.367082268	2.13324888e-06			
0.015	0.0375790473	0.344523157	9.98327008e-07			
0.015	0.0351522084	0.362637329	2.75668221e-07			
0.015	0.00837568839	0.388402361	2.14001353e-06			
0.015	0.0234300612	0.387632632	1.68007538e-06			
0.015	0.00837568839	0.409694278	2.14001353e-06			
0.015	0.0206564996	0.408334777	9.51233653e-07			
0.015	0.00832358593	0.430925906	2.12617499e-06			
0.015	0.0182825076	0.426054495	2.36230474e-07			
0.015	0.00649958108	0.451486466	1.63356374e-06			
0.015	0.00373244707	0.472140636	9.04722014e-07			
0.015	0.00140977118	0.489477325	2.00266619e-07			
0.015	0.00837568839	5.55111512e-17		0.000100508261		
0.012	0.00837568839	0.0104190652		0.000349067374		
0.018	0.00837568839	0.0104190652		0.000349067374		
0.015	0	0.0104190652		0.000125028782		
0.015	0.0251247884	5.55111512e-17		0.00010048094		
0.012	0.0251247884	0.0104190652		0.000348972487		
0.018	0.0251247884	0.0104190652		0.000348972487		
0.012	0.00837568839	0.0312547965		0.000348986998		
0.018	0.00837568839	0.0312547965		0.000348986998		
0.015	0	0.0312547965		0.000124999993		
0.012	0.0251247884	0.0312547965		0.000348892133		
0.018	0.0251247884	0.0312547965		0.000348892133		
0.015	0.0418716123	5.55111512e-17		0.000100480947		
0.012	0.0418716123	0.0104190652		0.000348972513		
0.018	0.0418716123	0.0104190652		0.000348972513		
0.015	0.0586184369	5.55111512e-17		0.000100480947		
0.012	0.0586184369	0.0104190652		0.000348972513		
0.018	0.0586184369	0.0104190652		0.000348972513		
0.012	0.0418716123	0.0312547965		0.000348892159		
0.018	0.0418716123	0.0312547965		0.000348892159		
0.012	0.0586184369	0.0312547965		0.000348892159		
0.018	0.0586184369	0.0312547965		0.000348892159		
0.012	0.00837568839	0.0520881293		0.000348987016		
0.018	0.00837568839	0.0520881293		0.000348987016		
0.015	0	0.0520881293		0.000125		
0.012	0.0251247884	0.0520881293		0.000348892152		
0.018	0.0251247884	0.0520881293		0.000348892152		
0.012	0.00837568839	0.0729214626		0.000348987016		
0.018	0.00837568839	0.0729214626		0.000348987016		
0.015	0	0.0729214626		0.000125		
0.012	0.0251247884	0.0729214626		0.000348892152		
0.018	0.0251247884	0.0729214626		0.000348892152		
0.012	0.0418716123	0.0520881293		0.000348892178		
0.018	0.0418716123	0.0520881293		0.000348892178		
0.012	0.0586184369	0.0520881293		0.000348892178		
0.018	0.0586184369	0.0520881293		0.000348892178		
0.012	0.0418716123	0.0729214626		0.000348892178		
0.018	0.0418716123	0.0729214626		0.000348892178		
0.012	0.0586184369	0.0729214626		0.000348892178		
0.018	0.0586184369	0.0729214626		0.000348892178		
0.015	0.0751977476	5.55111512e-17		9.84707819e-05		
0.012	0.0751977476	0.0104190652		0.000341991166		
0.018	0.0751977476	0.0104190652		0.000341991166		
0.015	0.0916095902	5.55111512e-17		9.84713284e-05		
0.012	0.0916095902	0.0104190652		0.000341993063		
0.018	0.0916095902	0.0104190652		0.000341993063		
0.012	0.0751977476	0.0312547965		0.000341912419		
0.018	0.0751977476	0.0312547965		0.000341912419		
0.012	0.0916095902	0.0312547965		0.000341914316		
0.018	0.0916095902	0.0312547965		0.000341914316		
0.015	0.108021478	5.55111512e-17		9.84713282e-05		
0.012	0.108021478	0.0104190652		0.000341993063		
0.018	0.108021478	0.0104190652		0.000341993063		
0.015	0.124433366	5.55111512e-17		9.84713282e-05		
0.015	0.130515173	0.0129107427		9.84844275e-05		
0.012	0.123691701	0.00985825588		0.000308315346		
0.012	0.108021478	0.0312547965		0.000341914316		
0.018	0.108021478	0.0312547965		0.000341914316		
0.015	0.125599899	0.0312547965		0.000129409516		
0.012	0.121052195	0.0302207637		0.000195259917		
0.018	0.121052195	0.0302207637		0.000195259917		
0.012	0.0751977476	0.0520881293		0.000341912437		
0.018	0.0751977476	0.0520881293		0.000341912437		
0.012	0.0916095902	0.0520881293		0.000341914335		
0.018	0.0916095902	0.0520881293		0.000341914335		
0.012	0.0751977476	0.0729214626		0.000341912437		
0.018	0.0751977476	0.0729214626		0.000341912437		
0.012	0.0916095902	0.0729214626		0.000341914335		
0.018	0.0916095902	0.0729214626		0.000341914335		
0.012	0.108021478	0.0520881293		0.000341914334		
0.018	0.108021478	0.0520881293		0.000341914334		
0.015	0.120017624	0.0520881293		0.000129409523		
0.012	0.118465093	0.0495311548		7.89625379e-05		
0.018	0.118465093	0.0495311548		7.89625379e-05		
0.015	0.113935817	0.0747857422		0.000106248992		
0.012	0.107156749	0.0723109297		0.000302716944		
0.018	0.107156749	0.0723109297		0.000302716944		
0.015	0.116726954	0.0643690755		2.31605305e-05		
0.012	0.116560444	0.063747649		1.86253533e-06		
0.018	0.116560444	0.063747649		1.86253533e-06		
0.012	0.00837568839	0.0937547959		0.000348987016		
0.018	0.00837568839	0.0937547959		0.000348987016		
0.015	0	0.0937547959		0.000125		
0.012	0.0251247884	0.0937547959		0.000348892152		
0.018	0.0251247884	0.0937547959		0.000348892152		
0.012	0.00837568839	0.114588129		0.000348987016		
0.018	0.00837568839	0.114588129		0.000348987016		
0.015	0	0.114588129		0.000125		
0.012	0.0251247884	0.114588129		0.000348892152		
0.018	0.0251247884	0.114588129		0.000348892152		
0.012	0.0418716123	0.0937547959		0.000348892178		
0.018	0.0418716123	0.0937547959		0.000348892178		
0.012	0.0586184369	0.0937547959		0.000348892178		
0.018	0.0586184369	0.0937547959		0.000348892178		
0.012	0.0418716123	0.114588129		0.000348892178		
0.018	0.0418716123	0.114588129		0.000348892178		
0.012	0.0586184369	0.114588129		0.000348892178		
0.018	0.0586184369	0.114588129		0.000348892178		
0.012	0.00837568839	0.135421463		0.000348987016		
0.018	0.00837568839	0.135421463		0.000348987016		
0.015	0	0.135421463		0.000125		
0.012	0.0251247884	0.135421463		0.000348892152		
0.018	0.0251247884	0.135421463		0.000348892152		
0.012	0.00837568839	0.156254796		0.000348987016		
0.018	0.00837568839	0.156254796		0.000348987016		
0.015	0	0.156254796		0.000125		
0.012	0.0251247884	0.156254796		0.000348892152		
0.018	0.0251247884	0.156254796		0.000348892152		
0.012	0.0418716123	0.135421463		0.000348892178		
0.018	0.0418716123	0.135421463		0.000348892178		
0.012	0.0586184369	0.135421463		0.000348892178		
0.018	0.0586184369	0.135421463		0.000348892178		
0.012	0.0418716123	0.156254796		0.000348892178		
0.018	0.0418716123	0.156254796		0.000348892178		
0.012	0.0586184369	0.156254796		0.000348892178		
0.018	0.0586184369	0.156254796		0.000348892178		
0.012	0.0751977476	0.0937547959		0.000341912437		
0.018	0.0751977476	0.0937547959		0.000341912437		
0.012	0.0916095902	0.0937547959		0.000341914335		
0.018	0.0916095902	0.0937547959		0.000341914335		
0.012	0.0751977476	0.114588129		0.000341912437		
0.018	0.0751977476	0.114588129		0.000341912437		
0.012	0.0916095902	0.114588129		0.000341914335		
0.018	0.0916095902	0.114588129		0.000341914335		
0.015	0.108853074	0.0937547959		0.000129409523		
0.012	0.104477973	0.0926824412		0.000188282087		
0.018	0.104477973	0.0926824412		0.000188282087		
0.015	0.1032708	0.114588129		0.000129409523		
0.012	0.101918943	0.111783294		7.19846944e-05		
0.018	0.101918943	0.111783294		7.19846944e-05		
0.012	0.0751977476	0.135421463		0.000341912437		
0.018	0.0751977476	0.135421463		0.000341912437		
0.015	0.0973564607	0.136660742		0.000114013563		
0.012	0.090610911	0.134767737		0.000296778596		
0.018	0.090610911	0.134767737		0.000296778596		
0.012	0.0751977476	0.156254796		0.000341912437		
0.018	0.0751977476	0.156254796		0.000341912437		
0.015	0.0921062498	0.156254796		0.000129409523		
0.012	0.0879041456	0.15514117		0.000181304244		
0.018	0.0879041456	0.15514117		0.000181304244		
0.015	0.100147598	0.126244075		1.53959592e-05		
0.012	0.10003691	0.125830982		8.23040137e-07		
0.018	0.10003691	0.125830982		8.23040137e-07		
0.015	0.133306953	5.55111512e-17		8.01171576e-06		
0.015	0.133306953	0.00249167752		3.09548927e-05		
0.012	0.133084406	0.00166111835		3.32710202e-06		
0.018	0.133084406	0.00166111835		3.32710202e-06		
0.012	0.00837568839	0.177088129		0.000348987016		
0.018	0.00837568839	0.177088129		0.000348987016		
0.015	0	0.177088129		0.000125		
0.012	0.0251247884	0.177088129		0.000348892152		
0.018	0.0251247884	0.177088129		0.000348892152		
0.012	0.00837568839	0.197921463		0.000348987016		
0.018	0.00837568839	0.197921463		0.000348987016		
0.015	0	0.197921463		0.000125		
0.012	0.0251247884	0.197921463		0.000348892152		
0.018	0.0251247884	0.197921463		0.000348892152		
0.012	0.0418716123	0.177088129		0.000348892178		
0.018	0.0418716123	0.177088129		0.000348892178		
0.012	0.0586184369	0.177088129		0.000348892178		
0.018	0.0586184369	0.177088129		0.000348892178		
0.012	0.0418716123	0.197921463		0.000348892178		
0.018	0.0418716123	0.197921463		0.000348892178		
0.012	0.0586184369	0.197921463		0.000348892178		
0.018	0.0586184369	0.197921463		0.000348892178		
0.012	0.00837568839	0.218754796		0.000348987016		
0.018	0.00837568839	0.218754796		0.000348987016		
0.015	0	0.218754796		0.000125		
0.012	0.0251247884	0.218754796		0.000348892152		
0.018	0.0251247884	0.218754796		0.000348892152		
0.012	0.00837568839	0.239588129		0.000348987016		
0.018	0.00837568839	0.239588129		0.000348987016		
0.015	0	0.239588129		0.000125		
0.012	0.0251247884	0.239588129		0.000348892152		
0.018	0.0251247884	0.239588129		0.000348892152		
0.012	0.0418716123	0.218754796		0.000348892178		
0.018	0.0418716123	0.218754796		0.000348892178		
0.012	0.0586184369	0.218754796		0.000348892178		
0.018	0.0586184369	0.218754796		0.000348892178		
0.012	0.0418716123	0.239588129		0.000348892178		
0.018	0.0418716123	0.239588129		0.000348892178		
0.015	0.0669889311	0.249993906		1.35293572e-07		
0.012	0.0586184353	0.239588127		0.000348892114		
0.018	0.0586184353	0.239588127		0.000348892114		
0.012	0.0751977476	0.177088129		0.000341912437		
0.018	0.0751977476	0.177088129		0.000341912437		
0.015	0.086523975	0.177088129		0.000129409523		
0.012	0.0853799231	0.173982223		6.50068513e-05		
0.018	0.0853799231	0.173982223		6.50068513e-05		
0.015	0.0807771044	0.198535742		0.000121778134		
0.012	0.0740532691	0.197233212		0.000290419681		
0.018	0.0740532691	0.197233212		0.000290419681		
0.015	0.0835682418	0.188119076		7.63138841e-06		
0.012	0.0835133766	0.187914316		2.02215587e-07		
0.018	0.0835133766	0.187914316		2.02215587e-07		
0.015	0.0753594253	0.218754796		0.000129409523		
0.012	0.0713308086	0.217596581		0.000174324504		
0.015	0.0697800685	0.239577239		0.000129274229		
0.012	0.068850662	0.236108647		5.80271746e-05		
0.018	0.068850662	0.236108647		5.80271746e-05		
0.012	0.00837568839	0.260650807		0.000356670691		
0.018	0.00837568839	0.260650807		0.000356670691		
0.015	0	0.260650807		0.000127752135		
0.012	0.0251247884	0.260650807		0.000356573738		
0.018	0.0251247884	0.260650807		0.000356573738		
0.012	0.00837568839	0.281942777		0.000356668921		
0.018	0.00837568839	0.281942777		0.000356668921		
0.015	0	0.281942777		0.000127751501		
0.012	0.0251247884	0.281942777		0.000356571969		
0.018	0.0251247884	0.281942777		0.000356571969		
0.012	0.0418716123	0.260650807		0.000356573764		
0.018	0.0418716123	0.260650807		0.000356573764		
0.015	0.0641334229	0.260650807		0.000132258742		
0.012	0.0572868745	0.259921932		0.000295712089		
0.018	0.0572868745	0.259921932		0.000295712089		
0.012	0.0418716123	0.281942777		0.000356571995		
0.018	0.0418716123	0.281942777		0.000356571995		
0.015	0.0584282569	0.281942777		0.000132258086		
0.012	0.0545023697	0.280705759		0.000174236701		
0.018	0.0545023697	0.280705759		0.000174236701		
0.012	0.00837568839	0.303234694		0.000356668922		
0.018	0.00837568839	0.303234694		0.000356668922		
0.015	0	0.303234694		0.000127751501		
0.012	0.0251247884	0.303234694		0.000356571969		
0.018	0.0251247884	0.303234694		0.000356571969		
0.012	0.00837568839	0.324526611		0.000356668922		
0.018	0.00837568839	0.324526611		0.000356668922		
0.015	0	0.324526611		0.000127751501		
0.012	0.0251247884	0.324526611		0.000356571969		
0.018	0.0251247884	0.324526611		0.000356571969		
0.015	0.0500577768	0.313181834		8.68164025e-06		
0.012	0.0418655539	0.303227217		0.000356310291		
0.018	0.0418655539	0.303227217		0.000356310291		
0.015	0.0529103527	0.302535875		0.000123576446		
0.012	0.05202191	0.299220162		5.30247847e-05		
0.018	0.05202191	0.299220162		5.30247847e-05		
0.015	0.047017953	0.324526611		0.000132258086		
0.012	0.0403583889	0.323777869		0.000287861455		
0.018	0.0403583889	0.323777869		0.000287861455		
0.012	0.00837568839	0.345818527		0.000356668922		
0.018	0.00837568839	0.345818527		0.000356668922		
0.015	0	0.345818527		0.000127751501		
0.012	0.0251247884	0.345818527		0.000356571969		
0.018	0.0251247884	0.345818527		0.000356571969		
0.012	0.00837568839	0.367110444		0.000356668922		
0.018	0.00837568839	0.367110444		0.000356668922		
0.015	0	0.367110444		0.000127751501		
0.015	0.0331266366	0.376369709		1.72273312e-05		
0.012	0.0251012372	0.367082268		0.00035554148		
0.018	0.0251012372	0.367082268		0.00035554148		
0.015	0.0413128011	0.345818527		0.000132258086		
0.012	0.0375790473	0.344523157		0.000166387835		
0.015	0.0359792126	0.365723751		0.000115030755		
0.012	0.0351522084	0.362637329		4.59447035e-05		
0.018	0.0351522084	0.362637329		4.59447035e-05		
0.012	0.00837568839	0.388402361		0.000356668922		
0.018	0.00837568839	0.388402361		0.000356668922		
0.015	0	0.388402361		0.000127751501		
0.015	0.0299024972	0.388402361		0.000132258086		
0.012	0.0234300612	0.387632632		0.000280012563		
0.018	0.0234300612	0.387632632		0.000280012563		
0.012	0.00837568839	0.409694278		0.000356668922		
0.018	0.00837568839	0.409694278		0.000356668922		
0.015	0	0.409694278		0.000127751501		
0.015	0.0241973453	0.409694278		0.000132258086		
0.012	0.0206564996	0.408334777		0.000158538942		
0.018	0.0206564996	0.408334777		0.000158538942		
0.015	0.0161954971	0.439557582		2.57730508e-05		
0.012	0.00832358593	0.430925906		0.000354362498		
0.018	0.00832358593	0.430925906		0.000354362498		
0.015	0	0.430986195		0.000127751501		
0.015	0.0190480731	0.428911624		0.000106485035		
0.012	0.0182825076	0.426054495		3.93717457e-05		
0.018	0.0182825076	0.426054495		3.93717457e-05		
0.015	0.0127870414	0.452278112		0.000132258086		
0.012	0.00649958108	0.451486466		0.000272260623		
0.018	0.00649958108	0.451486466		0.000272260623		
0.015	0	0.452278112		0.000127751501		
0.015	0.00708188949	0.473570029		0.000132258086		
0.012	0.00373244707	0.472140636		0.000150787002		
0.018	0.00373244707	0.472140636		0.000150787002		
0.015	0	0.473570029		0.000127751501		
0.015	0.00211465676	0.492107994		9.8044876e-05		
0.012	0.00140977118	0.489477325		3.33777698e-05		
0.018	0.00140977118	0.489477325		3.33777698e-05		
0.015	0	0.492107994		9.47040778e-05		
