X [m]	Y [m]	Z [m]	Volume [m^3]	Surface [m^2]	Pressure [Pa]	
0.015	0.00837568839	2.77555756e-17	5.57932926e-21		96.8130791	
0.015	0.0251247884	2.77555756e-17	5.57781264e-21		96.8130791	
0.015	0.0418716123	2.77555756e-17	5.57781305e-21		96.8130791	
0.015	0.0586184369	2.77555756e-17	5.57781305e-21		96.8130791	
0.015	0.0751977476	2.77555756e-17	5.46622647e-21		96.8130775	
0.015	0.0916095902	2.77555756e-17	5.4662568e-21		96.8130775	
0.015	0.108021478	2.77555756e-17	5.46625679e-21		96.8130775	
0.015	0.124433366	2.77555756e-17	5.46625679e-21		96.8130775	
0.015	0.131223219	0.0155532053	2.02066301e-07		2304.80411	
0.015	0.128935156	0.0326315378	8.79926393e-07		2918.48452	
0.015	0.126225596	0.0528559704	1.57771078e-06		2865.47476	
0.015	0.114699685	0.0776365379	2.3518434e-07		2813.2518	
0.015	0.124476488	0.0729717095	2.04031079e-06		2821.68339	
0.015	0.112364177	0.095069007	9.21793483e-07		2817.18775	
0.015	0.124433366	0.0937547959	2.051486e-06		2819.77894	
0.015	0.109648899	0.115336121	1.61957784e-06		2838.2817	
0.015	0.124433366	0.114588129	2.051486e-06		2831.49589	
0.015	0.0981761519	0.139719871	2.7081443e-07		2808.82445	
0.015	0.0957924707	0.15751191	9.63660544e-07		2806.52699	
0.015	0.108040745	0.135444604	2.04654776e-06		2820.08123	
0.015	0.124433366	0.135421463	2.051486e-06		2821.51182	
0.015	0.108021478	0.156254796	2.051486e-06		2811.84809	
0.015	0.124433366	0.156254796	2.051486e-06		2811.38052	
0.015	0.140251208	0.0105128355	1.86446537e-06		2257.93541	
0.015	0.157750371	0.0104190652	2.5103546e-06		2296.15646	
0.015	0.140175287	0.0312547965	1.88399408e-06		2725.48446	
0.015	0.157750371	0.0312547965	2.50977657e-06		2629.02207	
0.015	0.181161918	0.0104190652	3.34387991e-06		2322.2215	
0.015	0.212346916	0.0104190652	4.45416478e-06		2344.5536	
0.015	0.181161918	0.0312547965	3.34310995e-06		2581.51478	
0.015	0.212346916	0.0312547965	4.45313917e-06		2532.789	
0.015	0.140175287	0.0520881293	1.88399418e-06		2802.82932	
0.015	0.157750371	0.0520881293	2.50977671e-06		2746.67983	
0.015	0.140175287	0.0729214626	1.88399418e-06		2809.595	
0.015	0.157750371	0.0729214626	2.50977671e-06		2787.52044	
0.015	0.181161918	0.0520881293	3.34311013e-06		2690.04993	
0.015	0.212346916	0.0520881293	4.4531394e-06		2638.99443	
0.015	0.181161918	0.0729214626	3.34311013e-06		2747.61551	
0.015	0.212346916	0.0729214626	4.4531394e-06		2706.38748	
0.015	0.253886422	0.0104190652	5.93310298e-06		2360.35731	
0.015	0.309209906	0.0104190652	7.90095261e-06		2350.93168	
0.015	0.253886422	0.0312547965	5.93173684e-06		2492.33479	
0.015	0.309209906	0.0312547965	7.89913334e-06		2430.30763	
0.015	0.253886422	0.0520881293	5.93173715e-06		2589.56237	
0.015	0.309209906	0.0520881293	7.89913376e-06		2511.2486	
0.015	0.253886422	0.0729214626	5.93173715e-06		2659.842	
0.015	0.309209906	0.0729214626	7.89913376e-06		2579.97233	
0.015	0.140175287	0.0937547959	1.88399418e-06		2815.23597	
0.015	0.157750371	0.0937547959	2.50977671e-06		2802.8475	
0.015	0.140175287	0.114588129	1.88399418e-06		2825.06062	
0.015	0.157750371	0.114588129	2.50977671e-06		2814.71613	
0.015	0.181161918	0.0937547959	3.34311013e-06		2777.26726	
0.015	0.212346916	0.0937547959	4.4531394e-06		2748.33161	
0.015	0.181161918	0.114588129	3.34311013e-06		2798.76581	
0.015	0.212346916	0.114588129	4.4531394e-06		2777.26645	
0.015	0.140175287	0.135421463	1.88399418e-06		2821.78043	
0.015	0.157750371	0.135421463	2.50977671e-06		2814.89603	
0.015	0.140175287	0.156254796	1.88399418e-06		2811.25765	
0.015	0.157750371	0.156254796	2.50977671e-06		2809.48527	
0.015	0.181161918	0.135421463	3.34311013e-06		2807.87799	
0.015	0.212346916	0.135421463	4.4531394e-06		2791.22608	
0.015	0.181161918	0.156254796	3.34311013e-06		2808.24058	
0.015	0.212346916	0.156254796	4.4531394e-06		2796.30124	
0.015	0.253886422	0.0937547959	5.93173715e-06		2709.68688	
0.015	0.309209906	0.0937547959	7.89913376e-06		2637.82363	
0.015	0.253886422	0.114588129	5.93173715e-06		2745.85936	
0.015	0.309209906	0.114588129	7.89913376e-06		2684.39617	
0.015	0.253886422	0.135421463	5.93173715e-06		2767.84138	
0.015	0.309209906	0.135421463	7.89913376e-06		2717.57485	
0.015	0.253886422	0.156254796	5.93173715e-06		2778.73518	
0.015	0.309209906	0.156254796	7.89913376e-06		2736.95917	
0.015	0.0669899038	0.249997536	3.81340636e-13		2735.50186	
0.015	0.0930720679	0.177817272	1.6614449e-06		2804.16868	
0.015	0.0816526183	0.201803205	3.08956541e-07		2761.6515	
0.015	0.0916143813	0.197927385	2.05027271e-06		2783.27696	
0.015	0.108021478	0.177088129	2.051486e-06		2807.28935	
0.015	0.124433366	0.177088129	2.051486e-06		2802.80485	
0.015	0.108021478	0.197921463	2.051486e-06		2787.80638	
0.015	0.124433366	0.197921463	2.051486e-06		2787.59381	
0.015	0.0792201269	0.219959568	1.0055276e-06		2754.96158	
0.015	0.0916095902	0.218754796	2.05148601e-06		2767.58741	
0.015	0.0764951149	0.240299348	1.70331158e-06		2735.50186	
0.015	0.0916095902	0.239588129	2.05148601e-06		2749.84457	
0.015	0.108021478	0.218754796	2.051486e-06		2771.62308	
0.015	0.124433366	0.218754796	2.051486e-06		2775.33502	
0.015	0.108021478	0.239588129	2.051486e-06		2758.83019	
0.015	0.124433366	0.239588129	2.051486e-06		2765.30616	
0.015	0.065088175	0.264192232	3.6517005e-07		2704.90288	
0.015	0.0625516851	0.283124851	1.09401177e-06		2672.56412	
0.015	0.0501201927	0.313414773	1.57022661e-09		2346.02194	
0.015	0.0597707433	0.303935967	1.82128327e-06		2679.16299	
0.015	0.0482112322	0.327663449	4.12263242e-07		2618.24994	
0.015	0.0586184369	0.324526611	2.13943197e-06		2593.74603	
0.015	0.0751977476	0.260650807	2.0966421e-06		2706.98901	
0.015	0.0916095902	0.260650807	2.09665374e-06		2725.52471	
0.015	0.0751977476	0.281942777	2.0966317e-06		2687.91896	
0.015	0.0916095902	0.281942777	2.09664333e-06		2705.64799	
0.015	0.108021478	0.260650807	2.09665373e-06		2736.49813	
0.015	0.124433366	0.260650807	2.09665373e-06		2747.2961	
0.015	0.108021478	0.281942777	2.09664333e-06		2717.74068	
0.015	0.124433366	0.281942777	2.09664333e-06		2729.54853	
0.015	0.0751977476	0.303234694	2.0966317e-06		2688.10968	
0.015	0.0916095902	0.303234694	2.09664334e-06		2687.63526	
0.015	0.0751977476	0.324526611	2.0966317e-06		2605.28	
0.015	0.0916095902	0.324526611	2.09664334e-06		2616.31944	
0.015	0.108021478	0.303234694	2.09664333e-06		2699.43045	
0.015	0.124433366	0.303234694	2.09664333e-06		2713.25764	
0.015	0.108021478	0.324526611	2.09664333e-06		2636.04909	
0.015	0.124433366	0.324526611	2.09664333e-06		2663.4689	
0.015	0.140175287	0.177088129	1.88399418e-06		2798.34014	
0.015	0.157750371	0.177088129	2.50977671e-06		2798.70351	
0.015	0.140175287	0.197921463	1.88399418e-06		2786.31966	
0.015	0.157750371	0.197921463	2.50977671e-06		2788.49724	
0.015	0.181161918	0.177088129	3.34311013e-06		2800.10592	
0.015	0.212346916	0.177088129	4.4531394e-06		2796.20282	
0.015	0.181161918	0.197921463	3.34311013e-06		2791.3901	
0.015	0.212346916	0.197921463	4.4531394e-06		2791.87636	
0.015	0.140175287	0.218754796	1.88399418e-06		2779.40605	
0.015	0.157750371	0.218754796	2.50977671e-06		2781.81192	
0.015	0.140175287	0.239588129	1.88399418e-06		2772.71646	
0.015	0.157750371	0.239588129	2.50977671e-06		2773.51644	
0.015	0.181161918	0.218754796	3.34311013e-06		2783.87898	
0.015	0.212346916	0.218754796	4.4531394e-06		2782.98447	
0.015	0.181161918	0.239588129	3.34311013e-06		2773.07036	
0.015	0.212346916	0.239588129	4.4531394e-06		2768.81728	
0.015	0.253886422	0.177088129	5.93173715e-06		2782.62685	
0.015	0.309209906	0.177088129	7.89913376e-06		2746.20362	
0.015	0.253886422	0.197921463	5.93173715e-06		2782.04509	
0.015	0.309209906	0.197921463	7.89913376e-06		2749.41929	
0.015	0.253886422	0.218754796	5.93173715e-06		2776.19206	
0.015	0.309209906	0.218754796	7.89913376e-06		2749.31703	
0.015	0.253886422	0.239588129	5.93173715e-06		2765.5351	
0.015	0.309209906	0.239588129	7.89913376e-06		2747.73013	
0.015	0.140175287	0.260650807	1.92547422e-06		2755.32672	
0.015	0.157750371	0.260650807	2.56503466e-06		2756.65336	
0.015	0.140175287	0.281942777	1.92546467e-06		2736.9851	
0.015	0.157750371	0.281942777	2.56502193e-06		2740.87991	
0.015	0.181161918	0.260650807	3.41671565e-06		2755.95497	
0.015	0.212346916	0.260650807	4.55118452e-06		2754.92475	
0.015	0.181161918	0.281942777	3.4166987e-06		2745.01123	
0.015	0.212346916	0.281942777	4.55116195e-06		2752.11918	
0.015	0.140175287	0.303234694	1.92546468e-06		2724.35517	
0.015	0.157750371	0.303234694	2.56502194e-06		2732.10659	
0.015	0.140175287	0.324526611	1.92546468e-06		2686.79693	
0.015	0.157750371	0.324526611	2.56502194e-06		2706.12013	
0.015	0.181161918	0.303234694	3.4166987e-06		2744.04833	
0.015	0.212346916	0.303234694	4.55116195e-06		2755.22515	
0.015	0.181161918	0.324526611	3.4166987e-06		2729.55316	
0.015	0.212346916	0.324526611	4.55116195e-06		2749.67564	
0.015	0.253886422	0.260650807	6.06233667e-06		2759.59981	
0.015	0.309209906	0.260650807	8.07304961e-06		2748.2062	
0.015	0.253886422	0.281942777	6.0623066e-06		2763.44106	
0.015	0.309209906	0.281942777	8.07300956e-06		2751.53139	
0.015	0.253886422	0.303234694	6.06230661e-06		2770.29748	
0.015	0.309209906	0.303234694	8.07300957e-06		2757.87983	
0.015	0.253886422	0.324526611	6.06230661e-06		2772.04027	
0.015	0.309209906	0.324526611	8.07300957e-06		2761.4	
0.015	0.0332504911	0.37683194	6.18293623e-09		2389.438	
0.015	0.0456270807	0.346951818	1.14110497e-06		2506.68768	
0.015	0.0586184369	0.345818527	2.13943197e-06		2501.81889	
0.015	0.0428654755	0.36777206	1.86376375e-06		2465.49205	
0.015	0.0586184369	0.367110444	2.13943197e-06		2470.12863	
0.015	0.0313231767	0.391217611	4.59356439e-07		2467.39862	
0.015	0.0287019583	0.410782651	1.18819816e-06		2513.22064	
0.015	0.0418716123	0.388402361	2.13943197e-06		2466.42297	
0.015	0.0586184369	0.388402361	2.13943197e-06		2465.47471	
0.015	0.0418716123	0.409694278	2.13943197e-06		2500.58536	
0.015	0.0586184369	0.409694278	2.13943197e-06		2488.22771	
0.015	0.0751977476	0.345818527	2.0966317e-06		2503.66834	
0.015	0.0916095902	0.345818527	2.09664334e-06		2507.7834	
0.015	0.0751977476	0.367110444	2.0966317e-06		2468.09831	
0.015	0.0916095902	0.367110444	2.09664334e-06		2461.22618	
0.015	0.108021478	0.345818527	2.09664333e-06		2520.73249	
0.015	0.124433366	0.345818527	2.09664333e-06		2543.94629	
0.015	0.108021478	0.367110444	2.09664333e-06		2461.1355	
0.015	0.124433366	0.367110444	2.09664333e-06		2464.50525	
0.015	0.0751977476	0.388402361	2.0966317e-06		2462.7054	
0.015	0.0916095902	0.388402361	2.09664334e-06		2454.53384	
0.015	0.0751977476	0.409694278	2.0966317e-06		2479.51896	
0.015	0.0916095902	0.409694278	2.09664334e-06		2463.72826	
0.015	0.108021478	0.388402361	2.09664333e-06		2451.38013	
0.015	0.124433366	0.388402361	2.09664333e-06		2447.29275	
0.015	0.108021478	0.409694278	2.09664333e-06		2455.58116	
0.015	0.124433366	0.409694278	2.09664333e-06		2448.99341	
0.015	0.0163807903	0.440249106	1.38385447e-08		2535.18521	
0.015	0.0259740707	0.431598331	1.90320134e-06		2567.44041	
0.015	0.0144271093	0.454831579	5.06449794e-07		2636.92847	
0.015	0.0251247884	0.452278112	2.13943182e-06		2620.91077	
0.015	0.0418716123	0.430986195	2.13943197e-06		2550.36023	
0.015	0.0586184369	0.430986195	2.13943197e-06		2527.1221	
0.015	0.0418716123	0.452278112	2.13943197e-06		2594.41698	
0.015	0.0586184369	0.452278112	2.13943197e-06		2567.95942	
0.015	0.0117763777	0.47461691	1.23529152e-06		2795.73258	
0.015	0.0251247884	0.473570029	2.13943182e-06		2733.02296	
0.015	0.00909487535	0.495417874	1.93974691e-06		2857.09083	
0.015	0.0251247884	0.494861945	2.13943182e-06		2478.86165	
0.015	0.0418716123	0.473570029	2.13943197e-06		2676.55773	
0.015	0.0586184369	0.473570029	2.13943197e-06		2631.91207	
0.015	0.0418716123	0.494861945	2.13943197e-06		2130.21044	
0.015	0.0586184369	0.494861945	2.13943197e-06		1784.16743	
0.015	0.0751977476	0.430986195	2.0966317e-06		2508.34246	
0.015	0.0916095902	0.430986195	2.09664334e-06		2481.99867	
0.015	0.0751977476	0.452278112	2.0966317e-06		2547.79984	
0.015	0.0916095902	0.452278112	2.09664334e-06		2512.49278	
0.015	0.108021478	0.430986195	2.09664333e-06		2463.95828	
0.015	0.124433366	0.430986195	2.09664333e-06		2450.19031	
0.015	0.108021478	0.452278112	2.09664333e-06		2485.78175	
0.015	0.124433366	0.452278112	2.09664333e-06		2446.71589	
0.015	0.0751977476	0.473570029	2.0966317e-06		2559.85211	
0.015	0.0916095902	0.473570029	2.09664334e-06		2298.35852	
0.015	0.0751977476	0.494861945	2.0966317e-06		1454.31697	
0.015	0.0916095902	0.494861945	2.09664334e-06		1275.37212	
0.015	0.108021478	0.473570029	2.09664333e-06		1977.92992	
0.015	0.124433366	0.473570029	2.09664333e-06		1634.66574	
0.015	0.108021478	0.494861945	2.09664333e-06		1209.00478	
0.015	0.124433366	0.494861945	2.09664333e-06		1184.88774	
0.015	0.140175287	0.345818527	1.92546468e-06		2574.20283	
0.015	0.157750371	0.345818527	2.56502194e-06		2613.65323	
0.015	0.140175287	0.367110444	1.92546468e-06		2474.00715	
0.015	0.157750371	0.367110444	2.56502194e-06		2493.16655	
0.015	0.181161918	0.345818527	3.4166987e-06		2666.02034	
0.015	0.212346916	0.345818527	4.55116195e-06		2712.79987	
0.015	0.181161918	0.367110444	3.4166987e-06		2538.42164	
0.015	0.212346916	0.367110444	4.55116195e-06		2619.83171	
0.015	0.140175287	0.388402361	1.92546468e-06		2446.52345	
0.015	0.157750371	0.388402361	2.56502194e-06		2446.83187	
0.015	0.140175287	0.409694278	1.92546468e-06		2445.60282	
0.015	0.157750371	0.409694278	2.56502194e-06		2443.96012	
0.015	0.181161918	0.388402361	3.4166987e-06		2450.14359	
0.015	0.212346916	0.388402361	4.55116195e-06		2460.73713	
0.015	0.181161918	0.409694278	3.4166987e-06		2453.66259	
0.015	0.212346916	0.409694278	4.55116195e-06		2382.63176	
0.015	0.253886422	0.345818527	6.06230661e-06		2764.11503	
0.015	0.309209906	0.345818527	8.07300957e-06		2771.02253	
0.015	0.253886422	0.367110444	6.06230661e-06		2734.25814	
0.015	0.309209906	0.367110444	8.07300957e-06		2774.98447	
0.015	0.253886422	0.388402361	6.06230661e-06		2438.96898	
0.015	0.309209906	0.388402361	8.07300957e-06		1756.01654	
0.015	0.253886422	0.409694278	6.06230661e-06		1813.55356	
0.015	0.309209906	0.409694278	8.07300957e-06		1233.90513	
0.015	0.140175287	0.430986195	1.92546468e-06		2433.53756	
0.015	0.157750371	0.430986195	2.56502194e-06		2405.11759	
0.015	0.140175287	0.452278112	1.92546468e-06		2276.73025	
0.015	0.157750371	0.452278112	2.56502194e-06		1937.1243	
0.015	0.181161918	0.430986195	3.4166987e-06		2278.60052	
0.015	0.212346916	0.430986195	4.55116195e-06		1745.02933	
0.015	0.181161918	0.452278112	3.4166987e-06		1487.45748	
0.015	0.212346916	0.452278112	4.55116195e-06		1241.3894	
0.015	0.140175287	0.473570029	1.92546468e-06		1360.69478	
0.015	0.157750371	0.473570029	2.56502194e-06		1237.31622	
0.015	0.140175287	0.494861945	1.92546468e-06		1176.5025	
0.015	0.157750371	0.494861945	2.56502194e-06		1173.42299	
0.015	0.181161918	0.473570029	3.4166987e-06		1188.85445	
0.015	0.212346916	0.473570029	4.55116195e-06		1175.33119	
0.015	0.181161918	0.494861945	3.4166987e-06		1172.35425	
0.015	0.212346916	0.494861945	4.55116195e-06		1172.06869	
0.015	0.253886422	0.430986195	6.06230661e-06		1282.11035	
0.015	0.309209906	0.430986195	8.07300957e-06		1182.34904	
0.015	0.253886422	0.452278112	6.06230661e-06		1183.24835	
0.015	0.309209906	0.452278112	8.07300957e-06		1172.97947	
0.015	0.253886422	0.473570029	6.06230661e-06		1172.51315	
0.015	0.309209906	0.473570029	8.07300957e-06		1172.04325	
0.015	0.253886422	0.494861945	6.06230661e-06		1172.01051	
0.015	0.309209906	0.494861945	8.07300957e-06		1172.00099	
0.015	0.00837568839	0.516153862	2.14001353e-06		1325.82299	
0.015	0.0251247884	0.516153862	2.13943182e-06		1213.14746	
0.015	0.00837568839	0.537276946	2.10607528e-06		1172.02092	
0.015	0.0251247884	0.537276946	2.10550279e-06		1172.0099	
0.015	0.0418716123	0.516153862	2.13943197e-06		1189.34467	
0.015	0.0586184369	0.516153862	2.13943197e-06		1177.70955	
0.015	0.0418716123	0.537276946	2.10550295e-06		1172.00602	
0.015	0.0586184369	0.537276946	2.10550295e-06		1172.00267	
0.015	0.00837568839	0.561436535	2.75040126e-06		1172.00012	
0.015	0.0251247884	0.561436535	2.74965363e-06		1172.00012	
0.015	0.00837568839	0.592986402	3.59164322e-06		1172.00011	
0.015	0.0251247884	0.592986402	3.59066691e-06		1172.00011	
0.015	0.0418716123	0.561436535	2.74965383e-06		1172.00012	
0.015	0.0586184369	0.561436535	2.74965383e-06		1172.00012	
0.015	0.0418716123	0.592986402	3.59066717e-06		1172.00012	
0.015	0.0586184369	0.592986402	3.59066717e-06		1172.00012	
0.015	0.0751977476	0.516153862	2.0966317e-06		1173.89102	
0.015	0.0916095902	0.516153862	2.09664334e-06		1172.63025	
0.015	0.0751977476	0.537276946	2.06338144e-06		1172.00116	
0.015	0.0916095902	0.537276946	2.06339289e-06		1172.00054	
0.015	0.108021478	0.516153862	2.09664333e-06		1172.20942	
0.015	0.124433366	0.516153862	2.09664333e-06		1172.06985	
0.015	0.108021478	0.537276946	2.06339289e-06		1172.00029	
0.015	0.124433366	0.537276946	2.06339289e-06		1172.00019	
0.015	0.0751977476	0.561436535	2.6946458e-06		1172.00013	
0.015	0.0916095902	0.561436535	2.69466076e-06		1172.00013	
0.015	0.0751977476	0.592986402	3.51883431e-06		1172.00013	
0.015	0.0916095902	0.592986402	3.51885383e-06		1172.00013	
0.015	0.108021478	0.561436535	2.69466075e-06		1172.00013	
0.015	0.124433366	0.561436535	2.69466075e-06		1172.00013	
0.015	0.108021478	0.592986402	3.51885383e-06		1172.00013	
0.015	0.124433366	0.592986402	3.51885383e-06		1172.00013	
0.015	0.00837568839	0.63418616	4.69018877e-06		1172.0001	
0.015	0.0251247884	0.63418616	4.68891385e-06		1172.00011	
0.015	0.00837568839	0.687987339	6.12473718e-06		1172.00009	
0.015	0.0251247884	0.687987339	6.1230723e-06		1172.00009	
0.015	0.0418716123	0.63418616	4.68891419e-06		1172.00011	
0.015	0.0586184369	0.63418616	4.68891419e-06		1172.00012	
0.015	0.0418716123	0.687987339	6.12307275e-06		1172.0001	
0.015	0.0586184369	0.687987339	6.12307275e-06		1172.00011	
0.015	0.00837568839	0.758244231	7.99805878e-06		1172.00006	
0.015	0.0251247884	0.758244231	7.99588468e-06		1172.00007	
0.015	0.00837568839	0.849978043	1.04419531e-05		1172.00003	
0.015	0.0251247884	0.849978043	1.04391147e-05		1172.00004	
0.015	0.0418716123	0.758244231	7.99588527e-06		1172.00008	
0.015	0.0586184369	0.758244231	7.99588527e-06		1172.00009	
0.015	0.0418716123	0.849978043	1.04391154e-05		1172.00005	
0.015	0.0586184369	0.849978043	1.04391154e-05		1172.00005	
0.015	0.0751977476	0.63418616	4.59511042e-06		1172.00012	
0.015	0.0916095902	0.63418616	4.59513592e-06		1172.00013	
0.015	0.0751977476	0.687987339	6.00057801e-06		1172.00011	
0.015	0.0916095902	0.687987339	6.00061131e-06		1172.00012	
0.015	0.108021478	0.63418616	4.59513591e-06		1172.00013	
0.015	0.124433366	0.63418616	4.59513591e-06		1172.00013	
0.015	0.108021478	0.687987339	6.0006113e-06		1172.00013	
0.015	0.124433366	0.687987339	6.0006113e-06		1172.00013	
0.015	0.0751977476	0.758244231	7.83592409e-06		1172.00009	
0.015	0.0916095902	0.758244231	7.83596758e-06		1172.0001	
0.015	0.0751977476	0.849978043	1.02302764e-05		1172.00006	
0.015	0.0916095902	0.849978043	1.02303331e-05		1172.00006	
0.015	0.108021478	0.758244231	7.83596756e-06		1172.0001	
0.015	0.124433366	0.758244231	7.83596756e-06		1172.00011	
0.015	0.108021478	0.849978043	1.02303331e-05		1172.00006	
0.015	0.124433366	0.849978043	1.02303331e-05		1172.00007	
0.015	0.140175287	0.516153862	1.92546468e-06		1172.02356	
0.015	0.157750371	0.516153862	2.56502194e-06		1172.00727	
0.015	0.140175287	0.537276946	1.89492894e-06		1172.00015	
0.015	0.157750371	0.537276946	2.52434352e-06		1172.00014	
0.015	0.181161918	0.516153862	3.4166987e-06		1172.00184	
0.015	0.212346916	0.516153862	4.55116195e-06		1172.00045	
0.015	0.181161918	0.537276946	3.36251364e-06		1172.00013	
0.015	0.212346916	0.537276946	4.47898556e-06		1172.00013	
0.015	0.140175287	0.561436535	2.47465747e-06		1172.00013	
0.015	0.157750371	0.561436535	3.29663316e-06		1172.00013	
0.015	0.140175287	0.592986402	3.23156001e-06		1172.00014	
0.015	0.157750371	0.592986402	4.30494644e-06		1172.00014	
0.015	0.181161918	0.561436535	4.39123038e-06		1172.00014	
0.015	0.212346916	0.561436535	5.84927216e-06		1172.00014	
0.015	0.181161918	0.592986402	5.73433884e-06		1172.00014	
0.015	0.212346916	0.592986402	7.63833953e-06		1172.00014	
0.015	0.253886422	0.516153862	6.06230661e-06		1172.00018	
0.015	0.309209906	0.516153862	8.07300957e-06		1172.00013	
0.015	0.253886422	0.537276946	5.96616513e-06		1172.00013	
0.015	0.309209906	0.537276946	7.94498057e-06		1172.00013	
0.015	0.253886422	0.561436535	7.79143473e-06		1172.00013	
0.015	0.309209906	0.561436535	1.03756427e-05		1172.00013	
0.015	0.253886422	0.592986402	1.01745349e-05		1172.00013	
0.015	0.309209906	0.592986402	1.35491527e-05		1172.00012	
0.015	0.140175287	0.63418616	4.21996996e-06		1172.00014	
0.015	0.157750371	0.63418616	5.62166403e-06		1172.00014	
0.015	0.140175287	0.687987339	5.5106965e-06		1172.00013	
0.015	0.157750371	0.687987339	7.34111489e-06		1172.00014	
0.015	0.181161918	0.63418616	7.4882526e-06		1172.00014	
0.015	0.212346916	0.63418616	9.97461389e-06		1172.00014	
0.015	0.181161918	0.687987339	9.77862114e-06		1172.00014	
0.015	0.212346916	0.687987339	1.30254647e-05		1172.00013	
0.015	0.140175287	0.758244231	7.19620667e-06		1172.00011	
0.015	0.157750371	0.758244231	9.58647966e-06		1172.00011	
0.015	0.140175287	0.849978043	9.39508629e-06		1172.00007	
0.015	0.157750371	0.849978043	1.25157333e-05		1172.00007	
0.015	0.181161918	0.758244231	1.27695253e-05		1172.00011	
0.015	0.212346916	0.758244231	1.70094536e-05		1172.00011	
0.015	0.181161918	0.849978043	1.66713934e-05		1172.00007	
0.015	0.212346916	0.849978043	2.22068781e-05		1172.00006	
0.015	0.253886422	0.63418616	1.32865339e-05		1172.00013	
0.015	0.309209906	0.63418616	1.76933175e-05		1172.00012	
0.015	0.253886422	0.687987339	1.73503738e-05		1172.00012	
0.015	0.309209906	0.687987339	2.3105023e-05		1172.0001	
0.015	0.253886422	0.758244231	2.2657186e-05		1172.0001	
0.015	0.309209906	0.758244231	3.01719611e-05		1172.00008	
0.015	0.253886422	0.849978043	2.95803368e-05		1172.00006	
0.015	0.309209906	0.849978043	3.93913337e-05		1172.00004	
0.015	0.00837568839	5.55111512e-17		0.000100508261	96.813078	
0.012	0.00837568839	2.77555756e-17		9.2988821e-19	96.8130791	
0.018	0.00837568839	2.77555756e-17		9.2988821e-19	96.8130791	
0.015	0	2.77555756e-17		3.33066907e-19	96.8130791	
0.015	0.00837568839	0		0.000100508261	96.8130791	
0.015	0.0251247884	5.55111512e-17		0.00010048094	96.813078	
0.012	0.0251247884	2.77555756e-17		9.2963544e-19	96.8130791	
0.018	0.0251247884	2.77555756e-17		9.2963544e-19	96.8130791	
0.015	0.0251247884	0		0.00010048094	96.8130791	
0.015	0.0418716123	5.55111512e-17		0.000100480947	96.813078	
0.012	0.0418716123	2.77555756e-17		9.29635509e-19	96.8130791	
0.018	0.0418716123	2.77555756e-17		9.29635509e-19	96.8130791	
0.015	0.0418716123	0		0.000100480947	96.8130791	
0.015	0.0586184369	5.55111512e-17		0.000100480947	96.813078	
0.012	0.0586184369	2.77555756e-17		9.29635509e-19	96.8130791	
0.018	0.0586184369	2.77555756e-17		9.29635509e-19	96.8130791	
0.015	0.0586184369	0		0.000100480947	96.8130791	
0.015	0.0751977476	5.55111512e-17		9.84707819e-05	96.8130761	
0.012	0.0751977476	2.77555756e-17		9.11037745e-19	96.8130775	
0.018	0.0751977476	2.77555756e-17		9.11037745e-19	96.8130775	
0.015	0.0751977476	0		9.84707819e-05	96.8130775	
0.015	0.0916095902	5.55111512e-17		9.84713284e-05	96.8130761	
0.012	0.0916095902	2.77555756e-17		9.110428e-19	96.8130775	
0.018	0.0916095902	2.77555756e-17		9.110428e-19	96.8130775	
0.015	0.0916095902	0		9.84713284e-05	96.8130775	
0.015	0.108021478	5.55111512e-17		9.84713282e-05	96.8130761	
0.012	0.108021478	2.77555756e-17		9.11042799e-19	96.8130775	
0.018	0.108021478	2.77555756e-17		9.11042799e-19	96.8130775	
0.015	0.108021478	0		9.84713282e-05	96.8130775	
0.015	0.124433366	5.55111512e-17		9.84713282e-05	96.8130761	
0.012	0.124433366	2.77555756e-17		9.11042799e-19	96.8130775	
0.018	0.124433366	2.77555756e-17		9.11042799e-19	96.8130775	
0.015	0.124433366	0		9.84713282e-05	96.8130775	
0.015	0.130515173	0.0129107427		9.84844275e-05	2304.45714	
0.012	0.131223219	0.0155532053		3.36777169e-05	2304.80411	
0.018	0.131223219	0.0155532053		3.36777169e-05	2304.80411	
0.015	0.125599899	0.0312547965		0.000129409516	2919.60274	
0.012	0.128935156	0.0326315378		0.000146654399	2918.48452	
0.018	0.128935156	0.0326315378		0.000146654399	2918.48452	
0.015	0.120017624	0.0520881293		0.000129409523	2866.3646	
0.012	0.126225596	0.0528559704		0.000262951796	2865.47476	
0.018	0.126225596	0.0528559704		0.000262951796	2865.47476	
0.015	0.113935817	0.0747857422		0.000106248992	2813.49775	
0.012	0.114699685	0.0776365379		3.91973899e-05	2813.2518	
0.018	0.114699685	0.0776365379		3.91973899e-05	2813.2518	
0.015	0.116726954	0.0643690755		2.31605305e-05	2821.07506	
0.012	0.124476488	0.0729717095		0.000340051799	2821.68339	
0.015	0.108853074	0.0937547959		0.000129409523	2815.81614	
0.012	0.112364177	0.095069007		0.000153632247	2817.18775	
0.018	0.112364177	0.095069007		0.000153632247	2817.18775	
0.012	0.124433366	0.0937547959		0.000341914334	2819.77894	
0.018	0.124433366	0.0937547959		0.000341914334	2819.77894	
0.015	0.1032708	0.114588129		0.000129409523	2836.43061	
0.012	0.109648899	0.115336121		0.00026992964	2838.2817	
0.018	0.109648899	0.115336121		0.00026992964	2838.2817	
0.012	0.124433366	0.114588129		0.000341914334	2831.49589	
0.018	0.124433366	0.114588129		0.000341914334	2831.49589	
0.015	0.0973564607	0.136660742		0.000114013563	2806.80411	
0.012	0.0981761519	0.139719871		4.51357383e-05	2808.82445	
0.018	0.0981761519	0.139719871		4.51357383e-05	2808.82445	
0.015	0.0921062498	0.156254796		0.000129409523	2805.22383	
0.012	0.0957924707	0.15751191		0.000160610091	2806.52699	
0.018	0.0957924707	0.15751191		0.000160610091	2806.52699	
0.015	0.100147598	0.126244075		1.53959592e-05	2819.80513	
0.012	0.108040745	0.135444604		0.000341091294	2820.08123	
0.012	0.124433366	0.135421463		0.000341914334	2821.51182	
0.018	0.124433366	0.135421463		0.000341914334	2821.51182	
0.012	0.108021478	0.156254796		0.000341914334	2811.84809	
0.018	0.108021478	0.156254796		0.000341914334	2811.84809	
0.012	0.124433366	0.156254796		0.000341914334	2811.38052	
0.018	0.124433366	0.156254796		0.000341914334	2811.38052	
0.015	0.133306953	5.55111512e-17		8.01171576e-06	2257.92888	
0.015	0.133306953	0.00249167752		3.09548927e-05	2257.92888	
0.012	0.140251208	0.0105128355		0.000310744229	2257.93541	
0.015	0.140175287	0		9.04317205e-05	2257.93541	
0.012	0.157750371	0.0104190652		0.000418392434	2296.15646	
0.018	0.157750371	0.0104190652		0.000418392434	2296.15646	
0.015	0.157750371	0		0.000120469282	2296.15646	
0.012	0.140175287	0.0312547965		0.000313999013	2725.48446	
0.018	0.140175287	0.0312547965		0.000313999013	2725.48446	
0.012	0.157750371	0.0312547965		0.000418296096	2629.02207	
0.018	0.157750371	0.0312547965		0.000418296096	2629.02207	
0.012	0.181161918	0.0104190652		0.000557313318	2322.2215	
0.018	0.181161918	0.0104190652		0.000557313318	2322.2215	
0.015	0.181161918	0		0.000160469286	2322.2215	
0.012	0.212346916	0.0104190652		0.000742360796	2344.5536	
0.018	0.212346916	0.0104190652		0.000742360796	2344.5536	
0.015	0.212346916	0		0.000213750691	2344.5536	
0.012	0.181161918	0.0312547965		0.000557184992	2581.51478	
0.018	0.181161918	0.0312547965		0.000557184992	2581.51478	
0.012	0.212346916	0.0312547965		0.000742189861	2532.789	
0.018	0.212346916	0.0312547965		0.000742189861	2532.789	
0.012	0.140175287	0.0520881293		0.00031399903	2802.82932	
0.018	0.140175287	0.0520881293		0.00031399903	2802.82932	
0.012	0.157750371	0.0520881293		0.000418296118	2746.67983	
0.018	0.157750371	0.0520881293		0.000418296118	2746.67983	
0.012	0.140175287	0.0729214626		0.00031399903	2809.595	
0.018	0.140175287	0.0729214626		0.00031399903	2809.595	
0.012	0.157750371	0.0729214626		0.000418296118	2787.52044	
0.018	0.157750371	0.0729214626		0.000418296118	2787.52044	
0.012	0.181161918	0.0520881293		0.000557185022	2690.04993	
0.018	0.181161918	0.0520881293		0.000557185022	2690.04993	
0.012	0.212346916	0.0520881293		0.000742189901	2638.99443	
0.018	0.212346916	0.0520881293		0.000742189901	2638.99443	
0.012	0.181161918	0.0729214626		0.000557185022	2747.61551	
0.018	0.181161918	0.0729214626		0.000557185022	2747.61551	
0.012	0.212346916	0.0729214626		0.000742189901	2706.38748	
0.018	0.212346916	0.0729214626		0.000742189901	2706.38748	
0.012	0.253886422	0.0104190652		0.000988850497	2360.35731	
0.018	0.253886422	0.0104190652		0.000988850497	2360.35731	
0.015	0.253886422	0		0.000284723383	2360.35731	
0.012	0.309209906	0.0104190652		0.00131682543	2350.93168	
0.018	0.309209906	0.0104190652		0.00131682543	2350.93168	
0.015	0.340806441	0.0104190652		0.000125028782	2350.93168	
0.015	0.309209906	0		0.000379158421	2350.93168	
0.012	0.253886422	0.0312547965		0.000988622806	2492.33479	
0.018	0.253886422	0.0312547965		0.000988622806	2492.33479	
0.012	0.309209906	0.0312547965		0.00131652222	2430.30763	
0.018	0.309209906	0.0312547965		0.00131652222	2430.30763	
0.015	0.340806441	0.0312547965		0.000124999993	2430.30763	
0.012	0.253886422	0.0520881293		0.000988622859	2589.56237	
0.018	0.253886422	0.0520881293		0.000988622859	2589.56237	
0.012	0.309209906	0.0520881293		0.00131652229	2511.2486	
0.018	0.309209906	0.0520881293		0.00131652229	2511.2486	
0.015	0.340806441	0.0520881293		0.000125	2511.2486	
0.012	0.253886422	0.0729214626		0.000988622859	2659.842	
0.018	0.253886422	0.0729214626		0.000988622859	2659.842	
0.012	0.309209906	0.0729214626		0.00131652229	2579.97233	
0.018	0.309209906	0.0729214626		0.00131652229	2579.97233	
0.015	0.340806441	0.0729214626		0.000125	2579.97233	
0.012	0.140175287	0.0937547959		0.00031399903	2815.23597	
0.018	0.140175287	0.0937547959		0.00031399903	2815.23597	
0.012	0.157750371	0.0937547959		0.000418296118	2802.8475	
0.018	0.157750371	0.0937547959		0.000418296118	2802.8475	
0.012	0.140175287	0.114588129		0.00031399903	2825.06062	
0.018	0.140175287	0.114588129		0.00031399903	2825.06062	
0.012	0.157750371	0.114588129		0.000418296118	2814.71613	
0.018	0.157750371	0.114588129		0.000418296118	2814.71613	
0.012	0.181161918	0.0937547959		0.000557185022	2777.26726	
0.018	0.181161918	0.0937547959		0.000557185022	2777.26726	
0.012	0.212346916	0.0937547959		0.000742189901	2748.33161	
0.018	0.212346916	0.0937547959		0.000742189901	2748.33161	
0.012	0.181161918	0.114588129		0.000557185022	2798.76581	
0.018	0.181161918	0.114588129		0.000557185022	2798.76581	
0.012	0.212346916	0.114588129		0.000742189901	2777.26645	
0.018	0.212346916	0.114588129		0.000742189901	2777.26645	
0.012	0.140175287	0.135421463		0.00031399903	2821.78043	
0.018	0.140175287	0.135421463		0.00031399903	2821.78043	
0.012	0.157750371	0.135421463		0.000418296118	2814.89603	
0.018	0.157750371	0.135421463		0.000418296118	2814.89603	
0.012	0.140175287	0.156254796		0.00031399903	2811.25765	
0.018	0.140175287	0.156254796		0.00031399903	2811.25765	
0.012	0.157750371	0.156254796		0.000418296118	2809.48527	
0.018	0.157750371	0.156254796		0.000418296118	2809.48527	
0.012	0.181161918	0.135421463		0.000557185022	2807.87799	
0.018	0.181161918	0.135421463		0.000557185022	2807.87799	
0.012	0.212346916	0.135421463		0.000742189901	2791.22608	
0.018	0.212346916	0.135421463		0.000742189901	2791.22608	
0.012	0.181161918	0.156254796		0.000557185022	2808.24058	
0.018	0.181161918	0.156254796		0.000557185022	2808.24058	
0.012	0.212346916	0.156254796		0.000742189901	2796.30124	
0.018	0.212346916	0.156254796		0.000742189901	2796.30124	
0.012	0.253886422	0.0937547959		0.000988622859	2709.68688	
0.018	0.253886422	0.0937547959		0.000988622859	2709.68688	
0.012	0.309209906	0.0937547959		0.00131652229	2637.82363	
0.018	0.309209906	0.0937547959		0.00131652229	2637.82363	
0.015	0.340806441	0.0937547959		0.000125	2637.82363	
0.012	0.253886422	0.114588129		0.000988622859	2745.85936	
0.018	0.253886422	0.114588129		0.000988622859	2745.85936	
0.012	0.309209906	0.114588129		0.00131652229	2684.39617	
0.018	0.309209906	0.114588129		0.00131652229	2684.39617	
0.015	0.340806441	0.114588129		0.000125	2684.39617	
0.012	0.253886422	0.135421463		0.000988622859	2767.84138	
0.018	0.253886422	0.135421463		0.000988622859	2767.84138	
0.012	0.309209906	0.135421463		0.00131652229	2717.57485	
0.018	0.309209906	0.135421463		0.00131652229	2717.57485	
0.015	0.340806441	0.135421463		0.000125	2717.57485	
0.012	0.253886422	0.156254796		0.000988622859	2778.73518	
0.018	0.253886422	0.156254796		0.000988622859	2778.73518	
0.012	0.309209906	0.156254796		0.00131652229	2736.95917	
0.018	0.309209906	0.156254796		0.00131652229	2736.95917	
0.015	0.340806441	0.156254796		0.000125	2736.95917	
0.015	0.0669889311	0.249993906		1.35293572e-07	2735.92698	
0.012	0.0669899038	0.249997536		6.35567726e-11	2735.50186	
0.018	0.0669899038	0.249997536		6.35567726e-11	2735.50186	
0.015	0.086523975	0.177088129		0.000129409523	2799.45158	
0.012	0.0930720679	0.177817272		0.000276907483	2804.16868	
0.018	0.0930720679	0.177817272		0.000276907483	2804.16868	
0.015	0.0807771044	0.198535742		0.000121778134	2757.71276	
0.012	0.0816526183	0.201803205		5.14927568e-05	2761.6515	
0.018	0.0816526183	0.201803205		5.14927568e-05	2761.6515	
0.015	0.0835682418	0.188119076		7.63138841e-06	2779.39322	
0.012	0.0916143813	0.197927385		0.000341712119	2783.27696	
0.018	0.0916143813	0.197927385		0.000341712119	2783.27696	
0.012	0.108021478	0.177088129		0.000341914334	2807.28935	
0.018	0.108021478	0.177088129		0.000341914334	2807.28935	
0.012	0.124433366	0.177088129		0.000341914334	2802.80485	
0.018	0.124433366	0.177088129		0.000341914334	2802.80485	
0.012	0.108021478	0.197921463		0.000341914334	2787.80638	
0.018	0.108021478	0.197921463		0.000341914334	2787.80638	
0.012	0.124433366	0.197921463		0.000341914334	2787.59381	
0.018	0.124433366	0.197921463		0.000341914334	2787.59381	
0.015	0.0753594253	0.218754796		0.000129409523	2752.42087	
0.012	0.0792201269	0.219959568		0.000167587934	2754.96158	
0.018	0.0792201269	0.219959568		0.000167587934	2754.96158	
0.012	0.0916095902	0.218754796		0.000341914335	2767.58741	
0.018	0.0916095902	0.218754796		0.000341914335	2767.58741	
0.015	0.0697800685	0.239577239		0.000129274229	2735.92698	
0.012	0.0764951149	0.240299348		0.000283885263	2735.50186	
0.012	0.0916095902	0.239588129		0.000341914335	2749.84457	
0.018	0.0916095902	0.239588129		0.000341914335	2749.84457	
0.012	0.108021478	0.218754796		0.000341914334	2771.62308	
0.018	0.108021478	0.218754796		0.000341914334	2771.62308	
0.012	0.124433366	0.218754796		0.000341914334	2775.33502	
0.018	0.124433366	0.218754796		0.000341914334	2775.33502	
0.012	0.108021478	0.239588129		0.000341914334	2758.83019	
0.018	0.108021478	0.239588129		0.000341914334	2758.83019	
0.012	0.124433366	0.239588129		0.000341914334	2765.30616	
0.018	0.124433366	0.239588129		0.000341914334	2765.30616	
0.015	0.0641334229	0.260650807		0.000132258742	2704.89106	
0.012	0.065088175	0.264192232		6.08616749e-05	2704.90288	
0.015	0.0584282569	0.281942777		0.000132258086	2668.15796	
0.012	0.0625516851	0.283124851		0.000182335295	2672.56412	
0.018	0.0625516851	0.283124851		0.000182335295	2672.56412	
0.015	0.0500577768	0.313181834		8.68164025e-06	2344.70462	
0.012	0.0501201927	0.313414773		2.61704436e-07	2346.02194	
0.018	0.0501201927	0.313414773		2.61704436e-07	2346.02194	
0.015	0.0529103527	0.302535875		0.000123576446	2682.43899	
0.012	0.0597707433	0.303935967		0.000303547211	2679.16299	
0.015	0.047017953	0.324526611		0.000132258086	2608.01055	
0.012	0.0482112322	0.327663449		6.87105403e-05	2618.24994	
0.018	0.0482112322	0.327663449		6.87105403e-05	2618.24994	
0.012	0.0586184369	0.324526611		0.000356571996	2593.74603	
0.018	0.0586184369	0.324526611		0.000356571996	2593.74603	
0.012	0.0751977476	0.260650807		0.00034944035	2706.98901	
0.018	0.0751977476	0.260650807		0.00034944035	2706.98901	
0.012	0.0916095902	0.260650807		0.000349442289	2725.52471	
0.018	0.0916095902	0.260650807		0.000349442289	2725.52471	
0.012	0.0751977476	0.281942777		0.000349438617	2687.91896	
0.018	0.0751977476	0.281942777		0.000349438617	2687.91896	
0.012	0.0916095902	0.281942777		0.000349440556	2705.64799	
0.018	0.0916095902	0.281942777		0.000349440556	2705.64799	
0.012	0.108021478	0.260650807		0.000349442289	2736.49813	
0.018	0.108021478	0.260650807		0.000349442289	2736.49813	
0.012	0.124433366	0.260650807		0.000349442289	2747.2961	
0.018	0.124433366	0.260650807		0.000349442289	2747.2961	
0.012	0.108021478	0.281942777		0.000349440555	2717.74068	
0.018	0.108021478	0.281942777		0.000349440555	2717.74068	
0.012	0.124433366	0.281942777		0.000349440555	2729.54853	
0.018	0.124433366	0.281942777		0.000349440555	2729.54853	
0.012	0.0751977476	0.303234694		0.000349438617	2688.10968	
0.018	0.0751977476	0.303234694		0.000349438617	2688.10968	
0.012	0.0916095902	0.303234694		0.000349440556	2687.63526	
0.018	0.0916095902	0.303234694		0.000349440556	2687.63526	
0.012	0.0751977476	0.324526611		0.000349438617	2605.28	
0.018	0.0751977476	0.324526611		0.000349438617	2605.28	
0.012	0.0916095902	0.324526611		0.000349440556	2616.31944	
0.018	0.0916095902	0.324526611		0.000349440556	2616.31944	
0.012	0.108021478	0.303234694		0.000349440556	2699.43045	
0.018	0.108021478	0.303234694		0.000349440556	2699.43045	
0.012	0.124433366	0.303234694		0.000349440556	2713.25764	
0.018	0.124433366	0.303234694		0.000349440556	2713.25764	
0.012	0.108021478	0.324526611		0.000349440556	2636.04909	
0.018	0.108021478	0.324526611		0.000349440556	2636.04909	
0.012	0.124433366	0.324526611		0.000349440556	2663.4689	
0.018	0.124433366	0.324526611		0.000349440556	2663.4689	
0.012	0.140175287	0.177088129		0.00031399903	2798.34014	
0.018	0.140175287	0.177088129		0.00031399903	2798.34014	
0.012	0.157750371	0.177088129		0.000418296118	2798.70351	
0.018	0.157750371	0.177088129		0.000418296118	2798.70351	
0.012	0.140175287	0.197921463		0.00031399903	2786.31966	
0.018	0.140175287	0.197921463		0.00031399903	2786.31966	
0.012	0.157750371	0.197921463		0.000418296118	2788.49724	
0.018	0.157750371	0.197921463		0.000418296118	2788.49724	
0.012	0.181161918	0.177088129		0.000557185022	2800.10592	
0.018	0.181161918	0.177088129		0.000557185022	2800.10592	
0.012	0.212346916	0.177088129		0.000742189901	2796.20282	
0.018	0.212346916	0.177088129		0.000742189901	2796.20282	
0.012	0.181161918	0.197921463		0.000557185022	2791.3901	
0.018	0.181161918	0.197921463		0.000557185022	2791.3901	
0.012	0.212346916	0.197921463		0.000742189901	2791.87636	
0.018	0.212346916	0.197921463		0.000742189901	2791.87636	
0.012	0.140175287	0.218754796		0.00031399903	2779.40605	
0.018	0.140175287	0.218754796		0.00031399903	2779.40605	
0.012	0.157750371	0.218754796		0.000418296118	2781.81192	
0.018	0.157750371	0.218754796		0.000418296118	2781.81192	
0.012	0.140175287	0.239588129		0.00031399903	2772.71646	
0.018	0.140175287	0.239588129		0.00031399903	2772.71646	
0.012	0.157750371	0.239588129		0.000418296118	2773.51644	
0.018	0.157750371	0.239588129		0.000418296118	2773.51644	
0.012	0.181161918	0.218754796		0.000557185022	2783.87898	
0.018	0.181161918	0.218754796		0.000557185022	2783.87898	
0.012	0.212346916	0.218754796		0.000742189901	2782.98447	
0.018	0.212346916	0.218754796		0.000742189901	2782.98447	
0.012	0.181161918	0.239588129		0.000557185022	2773.07036	
0.018	0.181161918	0.239588129		0.000557185022	2773.07036	
0.012	0.212346916	0.239588129		0.000742189901	2768.81728	
0.018	0.212346916	0.239588129		0.000742189901	2768.81728	
0.012	0.253886422	0.177088129		0.000988622859	2782.62685	
0.018	0.253886422	0.177088129		0.000988622859	2782.62685	
0.012	0.309209906	0.177088129		0.00131652229	2746.20362	
0.018	0.309209906	0.177088129		0.00131652229	2746.20362	
0.015	0.340806441	0.177088129		0.000125	2746.20362	
0.012	0.253886422	0.197921463		0.000988622859	2782.04509	
0.018	0.253886422	0.197921463		0.000988622859	2782.04509	
0.012	0.309209906	0.197921463		0.00131652229	2749.41929	
0.018	0.309209906	0.197921463		0.00131652229	2749.41929	
0.015	0.340806441	0.197921463		0.000125	2749.41929	
0.012	0.253886422	0.218754796		0.000988622859	2776.19206	
0.018	0.253886422	0.218754796		0.000988622859	2776.19206	
0.012	0.309209906	0.218754796		0.00131652229	2749.31703	
0.018	0.309209906	0.218754796		0.00131652229	2749.31703	
0.015	0.340806441	0.218754796		0.000125	2749.31703	
0.012	0.253886422	0.239588129		0.000988622859	2765.5351	
0.018	0.253886422	0.239588129		0.000988622859	2765.5351	
0.012	0.309209906	0.239588129		0.00131652229	2747.73013	
0.018	0.309209906	0.239588129		0.00131652229	2747.73013	
0.015	0.340806441	0.239588129		0.000125	2747.73013	
0.012	0.140175287	0.260650807		0.000320912371	2755.32672	
0.018	0.140175287	0.260650807		0.000320912371	2755.32672	
0.012	0.157750371	0.260650807		0.000427505776	2756.65336	
0.018	0.157750371	0.260650807		0.000427505776	2756.65336	
0.012	0.140175287	0.281942777		0.000320910779	2736.9851	
0.018	0.140175287	0.281942777		0.000320910779	2736.9851	
0.012	0.157750371	0.281942777		0.000427503655	2740.87991	
0.018	0.157750371	0.281942777		0.000427503655	2740.87991	
0.012	0.181161918	0.260650807		0.000569452608	2755.95497	
0.018	0.181161918	0.260650807		0.000569452608	2755.95497	
0.012	0.212346916	0.260650807		0.000758530754	2754.92475	
0.018	0.212346916	0.260650807		0.000758530754	2754.92475	
0.012	0.181161918	0.281942777		0.000569449783	2745.01123	
0.018	0.181161918	0.281942777		0.000569449783	2745.01123	
0.012	0.212346916	0.281942777		0.000758526991	2752.11918	
0.018	0.212346916	0.281942777		0.000758526991	2752.11918	
0.012	0.140175287	0.303234694		0.000320910779	2724.35517	
0.018	0.140175287	0.303234694		0.000320910779	2724.35517	
0.012	0.157750371	0.303234694		0.000427503656	2732.10659	
0.018	0.157750371	0.303234694		0.000427503656	2732.10659	
0.012	0.140175287	0.324526611		0.000320910779	2686.79693	
0.018	0.140175287	0.324526611		0.000320910779	2686.79693	
0.012	0.157750371	0.324526611		0.000427503656	2706.12013	
0.018	0.157750371	0.324526611		0.000427503656	2706.12013	
0.012	0.181161918	0.303234694		0.000569449784	2744.04833	
0.018	0.181161918	0.303234694		0.000569449784	2744.04833	
0.012	0.212346916	0.303234694		0.000758526992	2755.22515	
0.018	0.212346916	0.303234694		0.000758526992	2755.22515	
0.012	0.181161918	0.324526611		0.000569449784	2729.55316	
0.018	0.181161918	0.324526611		0.000569449784	2729.55316	
0.012	0.212346916	0.324526611		0.000758526992	2749.67564	
0.018	0.212346916	0.324526611		0.000758526992	2749.67564	
0.012	0.253886422	0.260650807		0.00101038945	2759.59981	
0.018	0.253886422	0.260650807		0.00101038945	2759.59981	
0.012	0.309209906	0.260650807		0.00134550827	2748.2062	
0.018	0.309209906	0.260650807		0.00134550827	2748.2062	
0.015	0.340806441	0.260650807		0.000127752135	2748.2062	
0.012	0.253886422	0.281942777		0.00101038443	2763.44106	
0.018	0.253886422	0.281942777		0.00101038443	2763.44106	
0.012	0.309209906	0.281942777		0.00134550159	2751.53139	
0.018	0.309209906	0.281942777		0.00134550159	2751.53139	
0.015	0.340806441	0.281942777		0.000127751501	2751.53139	
0.012	0.253886422	0.303234694		0.00101038443	2770.29748	
0.018	0.253886422	0.303234694		0.00101038443	2770.29748	
0.012	0.309209906	0.303234694		0.0013455016	2757.87983	
0.018	0.309209906	0.303234694		0.0013455016	2757.87983	
0.015	0.340806441	0.303234694		0.000127751501	2757.87983	
0.012	0.253886422	0.324526611		0.00101038443	2772.04027	
0.018	0.253886422	0.324526611		0.00101038443	2772.04027	
0.012	0.309209906	0.324526611		0.0013455016	2761.4	
0.018	0.309209906	0.324526611		0.0013455016	2761.4	
0.015	0.340806441	0.324526611		0.000127751501	2761.4	
0.015	0.0331266366	0.376369709		1.72273312e-05	2388.71168	
0.012	0.0332504911	0.37683194		1.03048937e-06	2389.438	
0.018	0.0332504911	0.37683194		1.03048937e-06	2389.438	
0.015	0.0413128011	0.345818527		0.000132258086	2501.90534	
0.012	0.0456270807	0.346951818		0.000190184161	2506.68768	
0.018	0.0456270807	0.346951818		0.000190184161	2506.68768	
0.012	0.0586184369	0.345818527		0.000356571996	2501.81889	
0.018	0.0586184369	0.345818527		0.000356571996	2501.81889	
0.015	0.0359792126	0.365723751		0.000115030755	2464.39168	
0.012	0.0428654755	0.36777206		0.000310627292	2465.49205	
0.018	0.0428654755	0.36777206		0.000310627292	2465.49205	
0.012	0.0586184369	0.367110444		0.000356571996	2470.12863	
0.018	0.0586184369	0.367110444		0.000356571996	2470.12863	
0.015	0.0299024972	0.388402361		0.000132258086	2466.77734	
0.012	0.0313231767	0.391217611		7.65594065e-05	2467.39862	
0.015	0.0241973453	0.409694278		0.000132258086	2512.76442	
0.012	0.0287019583	0.410782651		0.000198033027	2513.22064	
0.018	0.0287019583	0.410782651		0.000198033027	2513.22064	
0.012	0.0418716123	0.388402361		0.000356571996	2466.42297	
0.018	0.0418716123	0.388402361		0.000356571996	2466.42297	
0.012	0.0586184369	0.388402361		0.000356571996	2465.47471	
0.018	0.0586184369	0.388402361		0.000356571996	2465.47471	
0.012	0.0418716123	0.409694278		0.000356571996	2500.58536	
0.018	0.0418716123	0.409694278		0.000356571996	2500.58536	
0.012	0.0586184369	0.409694278		0.000356571996	2488.22771	
0.018	0.0586184369	0.409694278		0.000356571996	2488.22771	
0.012	0.0751977476	0.345818527		0.000349438617	2503.66834	
0.018	0.0751977476	0.345818527		0.000349438617	2503.66834	
0.012	0.0916095902	0.345818527		0.000349440556	2507.7834	
0.018	0.0916095902	0.345818527		0.000349440556	2507.7834	
0.012	0.0751977476	0.367110444		0.000349438617	2468.09831	
0.018	0.0751977476	0.367110444		0.000349438617	2468.09831	
0.012	0.0916095902	0.367110444		0.000349440556	2461.22618	
0.018	0.0916095902	0.367110444		0.000349440556	2461.22618	
0.012	0.108021478	0.345818527		0.000349440556	2520.73249	
0.018	0.108021478	0.345818527		0.000349440556	2520.73249	
0.012	0.124433366	0.345818527		0.000349440556	2543.94629	
0.018	0.124433366	0.345818527		0.000349440556	2543.94629	
0.012	0.108021478	0.367110444		0.000349440556	2461.1355	
0.018	0.108021478	0.367110444		0.000349440556	2461.1355	
0.012	0.124433366	0.367110444		0.000349440556	2464.50525	
0.018	0.124433366	0.367110444		0.000349440556	2464.50525	
0.012	0.0751977476	0.388402361		0.000349438617	2462.7054	
0.018	0.0751977476	0.388402361		0.000349438617	2462.7054	
0.012	0.0916095902	0.388402361		0.000349440556	2454.53384	
0.018	0.0916095902	0.388402361		0.000349440556	2454.53384	
0.012	0.0751977476	0.409694278		0.000349438617	2479.51896	
0.018	0.0751977476	0.409694278		0.000349438617	2479.51896	
0.012	0.0916095902	0.409694278		0.000349440556	2463.72826	
0.018	0.0916095902	0.409694278		0.000349440556	2463.72826	
0.012	0.108021478	0.388402361		0.000349440556	2451.38013	
0.018	0.108021478	0.388402361		0.000349440556	2451.38013	
0.012	0.124433366	0.388402361		0.000349440556	2447.29275	
0.018	0.124433366	0.388402361		0.000349440556	2447.29275	
0.012	0.108021478	0.409694278		0.000349440556	2455.58116	
0.018	0.108021478	0.409694278		0.000349440556	2455.58116	
0.012	0.124433366	0.409694278		0.000349440556	2448.99341	
0.018	0.124433366	0.409694278		0.000349440556	2448.99341	
0.015	0.0161954971	0.439557582		2.57730508e-05	2534.9414	
0.012	0.0163807903	0.440249106		2.30642412e-06	2535.18521	
0.018	0.0163807903	0.440249106		2.30642412e-06	2535.18521	
0.015	0.0190480731	0.428911624		0.000106485035	2567.03382	
0.012	0.0259740707	0.431598331		0.000317200224	2567.44041	
0.018	0.0259740707	0.431598331		0.000317200224	2567.44041	
0.015	0.0127870414	0.452278112		0.000132258086	2636.68944	
0.012	0.0144271093	0.454831579		8.4408299e-05	2636.92847	
0.018	0.0144271093	0.454831579		8.4408299e-05	2636.92847	
0.012	0.0251247884	0.452278112		0.000356571969	2620.91077	
0.018	0.0251247884	0.452278112		0.000356571969	2620.91077	
0.012	0.0418716123	0.430986195		0.000356571996	2550.36023	
0.018	0.0418716123	0.430986195		0.000356571996	2550.36023	
0.012	0.0586184369	0.430986195		0.000356571996	2527.1221	
0.018	0.0586184369	0.430986195		0.000356571996	2527.1221	
0.012	0.0418716123	0.452278112		0.000356571996	2594.41698	
0.018	0.0418716123	0.452278112		0.000356571996	2594.41698	
0.012	0.0586184369	0.452278112		0.000356571996	2567.95942	
0.018	0.0586184369	0.452278112		0.000356571996	2567.95942	
0.015	0.00708188949	0.473570029		0.000132258086	2795.14976	
0.012	0.0117763777	0.47461691		0.00020588192	2795.73258	
0.018	0.0117763777	0.47461691		0.00020588192	2795.73258	
0.012	0.0251247884	0.473570029		0.000356571969	2733.02296	
0.018	0.0251247884	0.473570029		0.000356571969	2733.02296	
0.015	0.00211465676	0.492107994		9.8044876e-05	2858.42869	
0.012	0.00909487535	0.495417874		0.000323291152	2857.09083	
0.018	0.00909487535	0.495417874		0.000323291152	2857.09083	
0.015	0	0.502753952		3.30474234e-05	2857.09083	
0.012	0.0251247884	0.494861945		0.000356571969	2478.86165	
0.018	0.0251247884	0.494861945		0.000356571969	2478.86165	
0.012	0.0418716123	0.473570029		0.000356571996	2676.55773	
0.018	0.0418716123	0.473570029		0.000356571996	2676.55773	
0.012	0.0586184369	0.473570029		0.000356571996	2631.91207	
0.018	0.0586184369	0.473570029		0.000356571996	2631.91207	
0.012	0.0418716123	0.494861945		0.000356571996	2130.21044	
0.018	0.0418716123	0.494861945		0.000356571996	2130.21044	
0.012	0.0586184369	0.494861945		0.000356571996	1784.16743	
0.018	0.0586184369	0.494861945		0.000356571996	1784.16743	
0.012	0.0751977476	0.430986195		0.000349438617	2508.34246	
0.018	0.0751977476	0.430986195		0.000349438617	2508.34246	
0.012	0.0916095902	0.430986195		0.000349440556	2481.99867	
0.018	0.0916095902	0.430986195		0.000349440556	2481.99867	
0.012	0.0751977476	0.452278112		0.000349438617	2547.79984	
0.018	0.0751977476	0.452278112		0.000349438617	2547.79984	
0.012	0.0916095902	0.452278112		0.000349440556	2512.49278	
0.018	0.0916095902	0.452278112		0.000349440556	2512.49278	
0.012	0.108021478	0.430986195		0.000349440556	2463.95828	
0.018	0.108021478	0.430986195		0.000349440556	2463.95828	
0.012	0.124433366	0.430986195		0.000349440556	2450.19031	
0.018	0.124433366	0.430986195		0.000349440556	2450.19031	
0.012	0.108021478	0.452278112		0.000349440556	2485.78175	
0.018	0.108021478	0.452278112		0.000349440556	2485.78175	
0.012	0.124433366	0.452278112		0.000349440556	2446.71589	
0.018	0.124433366	0.452278112		0.000349440556	2446.71589	
0.012	0.0751977476	0.473570029		0.000349438617	2559.85211	
0.018	0.0751977476	0.473570029		0.000349438617	2559.85211	
0.012	0.0916095902	0.473570029		0.000349440556	2298.35852	
0.018	0.0916095902	0.473570029		0.000349440556	2298.35852	
0.012	0.0751977476	0.494861945		0.000349438617	1454.31697	
0.018	0.0751977476	0.494861945		0.000349438617	1454.31697	
0.012	0.0916095902	0.494861945		0.000349440556	1275.37212	
0.018	0.0916095902	0.494861945		0.000349440556	1275.37212	
0.012	0.108021478	0.473570029		0.000349440556	1977.92992	
0.018	0.108021478	0.473570029		0.000349440556	1977.92992	
0.012	0.124433366	0.473570029		0.000349440556	1634.66574	
0.018	0.124433366	0.473570029		0.000349440556	1634.66574	
0.012	0.108021478	0.494861945		0.000349440556	1209.00478	
0.018	0.108021478	0.494861945		0.000349440556	1209.00478	
0.012	0.124433366	0.494861945		0.000349440556	1184.88774	
0.018	0.124433366	0.494861945		0.000349440556	1184.88774	
0.012	0.140175287	0.345818527		0.000320910779	2574.20283	
0.018	0.140175287	0.345818527		0.000320910779	2574.20283	
0.012	0.157750371	0.345818527		0.000427503656	2613.65323	
0.018	0.157750371	0.345818527		0.000427503656	2613.65323	
0.012	0.140175287	0.367110444		0.000320910779	2474.00715	
0.018	0.140175287	0.367110444		0.000320910779	2474.00715	
0.012	0.157750371	0.367110444		0.000427503656	2493.16655	
0.018	0.157750371	0.367110444		0.000427503656	2493.16655	
0.012	0.181161918	0.345818527		0.000569449784	2666.02034	
0.018	0.181161918	0.345818527		0.000569449784	2666.02034	
0.012	0.212346916	0.345818527		0.000758526992	2712.79987	
0.018	0.212346916	0.345818527		0.000758526992	2712.79987	
0.012	0.181161918	0.367110444		0.000569449784	2538.42164	
0.018	0.181161918	0.367110444		0.000569449784	2538.42164	
0.012	0.212346916	0.367110444		0.000758526992	2619.83171	
0.018	0.212346916	0.367110444		0.000758526992	2619.83171	
0.012	0.140175287	0.388402361		0.000320910779	2446.52345	
0.018	0.140175287	0.388402361		0.000320910779	2446.52345	
0.012	0.157750371	0.388402361		0.000427503656	2446.83187	
0.018	0.157750371	0.388402361		0.000427503656	2446.83187	
0.012	0.140175287	0.409694278		0.000320910779	2445.60282	
0.018	0.140175287	0.409694278		0.000320910779	2445.60282	
0.012	0.157750371	0.409694278		0.000427503656	2443.96012	
0.018	0.157750371	0.409694278		0.000427503656	2443.96012	
0.012	0.181161918	0.388402361		0.000569449784	2450.14359	
0.018	0.181161918	0.388402361		0.000569449784	2450.14359	
0.012	0.212346916	0.388402361		0.000758526992	2460.73713	
0.018	0.212346916	0.388402361		0.000758526992	2460.73713	
0.012	0.181161918	0.409694278		0.000569449784	2453.66259	
0.018	0.181161918	0.409694278		0.000569449784	2453.66259	
0.012	0.212346916	0.409694278		0.000758526992	2382.63176	
0.018	0.212346916	0.409694278		0.000758526992	2382.63176	
0.012	0.253886422	0.345818527		0.00101038443	2764.11503	
0.018	0.253886422	0.345818527		0.00101038443	2764.11503	
0.012	0.309209906	0.345818527		0.0013455016	2771.02253	
0.018	0.309209906	0.345818527		0.0013455016	2771.02253	
0.015	0.340806441	0.345818527		0.000127751501	2771.02253	
0.012	0.253886422	0.367110444		0.00101038443	2734.25814	
0.018	0.253886422	0.367110444		0.00101038443	2734.25814	
0.012	0.309209906	0.367110444		0.0013455016	2774.98447	
0.018	0.309209906	0.367110444		0.0013455016	2774.98447	
0.015	0.340806441	0.367110444		0.000127751501	2774.98447	
0.012	0.253886422	0.388402361		0.00101038443	2438.96898	
0.018	0.253886422	0.388402361		0.00101038443	2438.96898	
0.012	0.309209906	0.388402361		0.0013455016	1756.01654	
0.018	0.309209906	0.388402361		0.0013455016	1756.01654	
0.015	0.340806441	0.388402361		0.000127751501	1756.01654	
0.012	0.253886422	0.409694278		0.00101038443	1813.55356	
0.018	0.253886422	0.409694278		0.00101038443	1813.55356	
0.012	0.309209906	0.409694278		0.0013455016	1233.90513	
0.018	0.309209906	0.409694278		0.0013455016	1233.90513	
0.015	0.340806441	0.409694278		0.000127751501	1233.90513	
0.012	0.140175287	0.430986195		0.000320910779	2433.53756	
0.018	0.140175287	0.430986195		0.000320910779	2433.53756	
0.012	0.157750371	0.430986195		0.000427503656	2405.11759	
0.018	0.157750371	0.430986195		0.000427503656	2405.11759	
0.012	0.140175287	0.452278112		0.000320910779	2276.73025	
0.018	0.140175287	0.452278112		0.000320910779	2276.73025	
0.012	0.157750371	0.452278112		0.000427503656	1937.1243	
0.018	0.157750371	0.452278112		0.000427503656	1937.1243	
0.012	0.181161918	0.430986195		0.000569449784	2278.60052	
0.018	0.181161918	0.430986195		0.000569449784	2278.60052	
0.012	0.212346916	0.430986195		0.000758526992	1745.02933	
0.018	0.212346916	0.430986195		0.000758526992	1745.02933	
0.012	0.181161918	0.452278112		0.000569449784	1487.45748	
0.018	0.181161918	0.452278112		0.000569449784	1487.45748	
0.012	0.212346916	0.452278112		0.000758526992	1241.3894	
0.018	0.212346916	0.452278112		0.000758526992	1241.3894	
0.012	0.140175287	0.473570029		0.000320910779	1360.69478	
0.018	0.140175287	0.473570029		0.000320910779	1360.69478	
0.012	0.157750371	0.473570029		0.000427503656	1237.31622	
0.018	0.157750371	0.473570029		0.000427503656	1237.31622	
0.012	0.140175287	0.494861945		0.000320910779	1176.5025	
0.018	0.140175287	0.494861945		0.000320910779	1176.5025	
0.012	0.157750371	0.494861945		0.000427503656	1173.42299	
0.018	0.157750371	0.494861945		0.000427503656	1173.42299	
0.012	0.181161918	0.473570029		0.000569449784	1188.85445	
0.018	0.181161918	0.473570029		0.000569449784	1188.85445	
0.012	0.212346916	0.473570029		0.000758526992	1175.33119	
0.018	0.212346916	0.473570029		0.000758526992	1175.33119	
0.012	0.181161918	0.494861945		0.000569449784	1172.35425	
0.018	0.181161918	0.494861945		0.000569449784	1172.35425	
0.012	0.212346916	0.494861945		0.000758526992	1172.06869	
0.018	0.212346916	0.494861945		0.000758526992	1172.06869	
0.012	0.253886422	0.430986195		0.00101038443	1282.11035	
0.018	0.253886422	0.430986195		0.00101038443	1282.11035	
0.012	0.309209906	0.430986195		0.0013455016	1182.34904	
0.018	0.309209906	0.430986195		0.0013455016	1182.34904	
0.015	0.340806441	0.430986195		0.000127751501	1182.34904	
0.012	0.253886422	0.452278112		0.00101038443	1183.24835	
0.018	0.253886422	0.452278112		0.00101038443	1183.24835	
0.012	0.309209906	0.452278112		0.0013455016	1172.97947	
0.018	0.309209906	0.452278112		0.0013455016	1172.97947	
0.015	0.340806441	0.452278112		0.000127751501	1172.97947	
0.012	0.253886422	0.473570029		0.00101038443	1172.51315	
0.018	0.253886422	0.473570029		0.00101038443	1172.51315	
0.012	0.309209906	0.473570029		0.0013455016	1172.04325	
0.018	0.309209906	0.473570029		0.0013455016	1172.04325	
0.015	0.340806441	0.473570029		0.000127751501	1172.04325	
0.012	0.253886422	0.494861945		0.00101038443	1172.01051	
0.018	0.253886422	0.494861945		0.00101038443	1172.01051	
0.012	0.309209906	0.494861945		0.0013455016	1172.00099	
0.018	0.309209906	0.494861945		0.0013455016	1172.00099	
0.015	0.340806441	0.494861945		0.000127751501	1172.00099	
0.012	0.00837568839	0.516153862		0.000356668922	1325.82299	
0.018	0.00837568839	0.516153862		0.000356668922	1325.82299	
0.015	0	0.516153862		0.000127751501	1325.82299	
0.012	0.0251247884	0.516153862		0.000356571969	1213.14746	
0.018	0.0251247884	0.516153862		0.000356571969	1213.14746	
0.012	0.00837568839	0.537276946		0.000351012547	1172.02092	
0.018	0.00837568839	0.537276946		0.000351012547	1172.02092	
0.015	0	0.537276946		0.000125725504	1172.02092	
0.012	0.0251247884	0.537276946		0.000350917132	1172.0099	
0.018	0.0251247884	0.537276946		0.000350917132	1172.0099	
0.012	0.0418716123	0.516153862		0.000356571996	1189.34467	
0.018	0.0418716123	0.516153862		0.000356571996	1189.34467	
0.012	0.0586184369	0.516153862		0.000356571996	1177.70955	
0.018	0.0586184369	0.516153862		0.000356571996	1177.70955	
0.012	0.0418716123	0.537276946		0.000350917158	1172.00602	
0.018	0.0418716123	0.537276946		0.000350917158	1172.00602	
0.012	0.0586184369	0.537276946		0.000350917158	1172.00267	
0.018	0.0586184369	0.537276946		0.000350917158	1172.00267	
0.012	0.00837568839	0.561436535		0.00045840021	1172.00012	
0.018	0.00837568839	0.561436535		0.00045840021	1172.00012	
0.015	0	0.561436535		0.000164189565	1172.00012	
0.012	0.0251247884	0.561436535		0.000458275604	1172.00012	
0.018	0.0251247884	0.561436535		0.000458275604	1172.00012	
0.012	0.00837568839	0.592986402		0.000598607203	1172.00011	
0.018	0.00837568839	0.592986402		0.000598607203	1172.00011	
0.015	0	0.592986402		0.000214408837	1172.00011	
0.012	0.0251247884	0.592986402		0.000598444484	1172.00011	
0.018	0.0251247884	0.592986402		0.000598444484	1172.00011	
0.012	0.0418716123	0.561436535		0.000458275638	1172.00012	
0.018	0.0418716123	0.561436535		0.000458275638	1172.00012	
0.012	0.0586184369	0.561436535		0.000458275638	1172.00012	
0.018	0.0586184369	0.561436535		0.000458275638	1172.00012	
0.012	0.0418716123	0.592986402		0.000598444529	1172.00012	
0.018	0.0418716123	0.592986402		0.000598444529	1172.00012	
0.012	0.0586184369	0.592986402		0.000598444529	1172.00012	
0.018	0.0586184369	0.592986402		0.000598444529	1172.00012	
0.012	0.0751977476	0.516153862		0.000349438617	1173.89102	
0.018	0.0751977476	0.516153862		0.000349438617	1173.89102	
0.012	0.0916095902	0.516153862		0.000349440556	1172.63025	
0.018	0.0916095902	0.516153862		0.000349440556	1172.63025	
0.012	0.0751977476	0.537276946		0.000343896907	1172.00116	
0.018	0.0751977476	0.537276946		0.000343896907	1172.00116	
0.012	0.0916095902	0.537276946		0.000343898816	1172.00054	
0.018	0.0916095902	0.537276946		0.000343898816	1172.00054	
0.012	0.108021478	0.516153862		0.000349440556	1172.20942	
0.018	0.108021478	0.516153862		0.000349440556	1172.20942	
0.012	0.124433366	0.516153862		0.000349440556	1172.06985	
0.018	0.124433366	0.516153862		0.000349440556	1172.06985	
0.012	0.108021478	0.537276946		0.000343898815	1172.00029	
0.018	0.108021478	0.537276946		0.000343898815	1172.00029	
0.012	0.124433366	0.537276946		0.000343898815	1172.00019	
0.018	0.124433366	0.537276946		0.000343898815	1172.00019	
0.012	0.0751977476	0.561436535		0.000449107634	1172.00013	
0.018	0.0751977476	0.561436535		0.000449107634	1172.00013	
0.012	0.0916095902	0.561436535		0.000449110126	1172.00013	
0.018	0.0916095902	0.561436535		0.000449110126	1172.00013	
0.012	0.0751977476	0.592986402		0.000586472385	1172.00013	
0.018	0.0751977476	0.592986402		0.000586472385	1172.00013	
0.012	0.0916095902	0.592986402		0.000586475639	1172.00013	
0.018	0.0916095902	0.592986402		0.000586475639	1172.00013	
0.012	0.108021478	0.561436535		0.000449110125	1172.00013	
0.018	0.108021478	0.561436535		0.000449110125	1172.00013	
0.012	0.124433366	0.561436535		0.000449110125	1172.00013	
0.018	0.124433366	0.561436535		0.000449110125	1172.00013	
0.012	0.108021478	0.592986402		0.000586475638	1172.00013	
0.018	0.108021478	0.592986402		0.000586475638	1172.00013	
0.012	0.124433366	0.592986402		0.000586475638	1172.00013	
0.018	0.124433366	0.592986402		0.000586475638	1172.00013	
0.012	0.00837568839	0.63418616		0.000781698129	1172.0001	
0.018	0.00837568839	0.63418616		0.000781698129	1172.0001	
0.015	0	0.63418616		0.000279988256	1172.0001	
0.012	0.0251247884	0.63418616		0.000781485641	1172.00011	
0.018	0.0251247884	0.63418616		0.000781485641	1172.00011	
0.012	0.00837568839	0.687987339		0.00102078953	1172.00009	
0.018	0.00837568839	0.687987339		0.00102078953	1172.00009	
0.015	0	0.687987339		0.000365625898	1172.00009	
0.012	0.0251247884	0.687987339		0.00102051205	1172.00009	
0.018	0.0251247884	0.687987339		0.00102051205	1172.00009	
0.012	0.0418716123	0.63418616		0.000781485699	1172.00011	
0.018	0.0418716123	0.63418616		0.000781485699	1172.00011	
0.012	0.0586184369	0.63418616		0.000781485699	1172.00012	
0.018	0.0586184369	0.63418616		0.000781485699	1172.00012	
0.012	0.0418716123	0.687987339		0.00102051213	1172.0001	
0.018	0.0418716123	0.687987339		0.00102051213	1172.0001	
0.012	0.0586184369	0.687987339		0.00102051213	1172.00011	
0.018	0.0586184369	0.687987339		0.00102051213	1172.00011	
0.012	0.00837568839	0.758244231		0.0013330098	1172.00006	
0.018	0.00837568839	0.758244231		0.0013330098	1172.00006	
0.015	0	0.758244231		0.000477456801	1172.00006	
0.012	0.0251247884	0.758244231		0.00133264745	1172.00007	
0.018	0.0251247884	0.758244231		0.00133264745	1172.00007	
0.012	0.00837568839	0.849978043		0.00174032551	1172.00003	
0.018	0.00837568839	0.849978043		0.00174032551	1172.00003	
0.015	0	0.849978043		0.000623348947	1172.00003	
0.015	0.00837568839	0.901923789		0.000100508261	1172.00003	
0.012	0.0251247884	0.849978043		0.00173985244	1172.00004	
0.018	0.0251247884	0.849978043		0.00173985244	1172.00004	
0.015	0.0251247884	0.901923789		0.00010048094	1172.00004	
0.012	0.0418716123	0.758244231		0.00133264755	1172.00008	
0.018	0.0418716123	0.758244231		0.00133264755	1172.00008	
0.012	0.0586184369	0.758244231		0.00133264754	1172.00009	
0.018	0.0586184369	0.758244231		0.00133264754	1172.00009	
0.012	0.0418716123	0.849978043		0.00173985257	1172.00005	
0.018	0.0418716123	0.849978043		0.00173985257	1172.00005	
0.015	0.0418716123	0.901923789		0.000100480947	1172.00005	
0.012	0.0586184369	0.849978043		0.00173985257	1172.00005	
0.018	0.0586184369	0.849978043		0.00173985257	1172.00005	
0.015	0.0586184369	0.901923789		0.000100480947	1172.00005	
0.012	0.0751977476	0.63418616		0.000765851737	1172.00012	
0.018	0.0751977476	0.63418616		0.000765851737	1172.00012	
0.012	0.0916095902	0.63418616		0.000765855986	1172.00013	
0.018	0.0916095902	0.63418616		0.000765855986	1172.00013	
0.012	0.0751977476	0.687987339		0.00100009633	1172.00011	
0.018	0.0751977476	0.687987339		0.00100009633	1172.00011	
0.012	0.0916095902	0.687987339		0.00100010188	1172.00012	
0.018	0.0916095902	0.687987339		0.00100010188	1172.00012	
0.012	0.108021478	0.63418616		0.000765855985	1172.00013	
0.018	0.108021478	0.63418616		0.000765855985	1172.00013	
0.012	0.124433366	0.63418616		0.000765855985	1172.00013	
0.018	0.124433366	0.63418616		0.000765855985	1172.00013	
0.012	0.108021478	0.687987339		0.00100010188	1172.00013	
0.018	0.108021478	0.687987339		0.00100010188	1172.00013	
0.012	0.124433366	0.687987339		0.00100010188	1172.00013	
0.018	0.124433366	0.687987339		0.00100010188	1172.00013	
0.012	0.0751977476	0.758244231		0.00130598735	1172.00009	
0.018	0.0751977476	0.758244231		0.00130598735	1172.00009	
0.012	0.0916095902	0.758244231		0.0013059946	1172.0001	
0.018	0.0916095902	0.758244231		0.0013059946	1172.0001	
0.012	0.0751977476	0.849978043		0.00170504606	1172.00006	
0.018	0.0751977476	0.849978043		0.00170504606	1172.00006	
0.015	0.0751977476	0.901923789		9.84707819e-05	1172.00006	
0.012	0.0916095902	0.849978043		0.00170505552	1172.00006	
0.018	0.0916095902	0.849978043		0.00170505552	1172.00006	
0.015	0.0916095902	0.901923789		9.84713284e-05	1172.00006	
0.012	0.108021478	0.758244231		0.00130599459	1172.0001	
0.018	0.108021478	0.758244231		0.00130599459	1172.0001	
0.012	0.124433366	0.758244231		0.00130599459	1172.00011	
0.018	0.124433366	0.758244231		0.00130599459	1172.00011	
0.012	0.108021478	0.849978043		0.00170505552	1172.00006	
0.018	0.108021478	0.849978043		0.00170505552	1172.00006	
0.015	0.108021478	0.901923789		9.84713282e-05	1172.00006	
0.012	0.124433366	0.849978043		0.00170505552	1172.00007	
0.018	0.124433366	0.849978043		0.00170505552	1172.00007	
0.015	0.124433366	0.901923789		9.84713282e-05	1172.00007	
0.012	0.140175287	0.516153862		0.000320910779	1172.02356	
0.018	0.140175287	0.516153862		0.000320910779	1172.02356	
0.012	0.157750371	0.516153862		0.000427503656	1172.00727	
0.018	0.157750371	0.516153862		0.000427503656	1172.00727	
0.012	0.140175287	0.537276946		0.000315821489	1172.00015	
0.018	0.140175287	0.537276946		0.000315821489	1172.00015	
0.012	0.157750371	0.537276946		0.000420723921	1172.00014	
0.018	0.157750371	0.537276946		0.000420723921	1172.00014	
0.012	0.181161918	0.516153862		0.000569449784	1172.00184	
0.018	0.181161918	0.516153862		0.000569449784	1172.00184	
0.012	0.212346916	0.516153862		0.000758526992	1172.00045	
0.018	0.212346916	0.516153862		0.000758526992	1172.00045	
0.012	0.181161918	0.537276946		0.00056041894	1172.00013	
0.018	0.181161918	0.537276946		0.00056041894	1172.00013	
0.012	0.212346916	0.537276946		0.000746497593	1172.00013	
0.018	0.212346916	0.537276946		0.000746497593	1172.00013	
0.012	0.140175287	0.561436535		0.000412442912	1172.00013	
0.018	0.140175287	0.561436535		0.000412442912	1172.00013	
0.012	0.157750371	0.561436535		0.00054943886	1172.00013	
0.018	0.157750371	0.561436535		0.00054943886	1172.00013	
0.012	0.140175287	0.592986402		0.000538593334	1172.00014	
0.018	0.140175287	0.592986402		0.000538593334	1172.00014	
0.012	0.157750371	0.592986402		0.000717491073	1172.00014	
0.018	0.157750371	0.592986402		0.000717491073	1172.00014	
0.012	0.181161918	0.561436535		0.000731871729	1172.00014	
0.018	0.181161918	0.561436535		0.000731871729	1172.00014	
0.012	0.212346916	0.561436535		0.000974878694	1172.00014	
0.018	0.212346916	0.561436535		0.000974878694	1172.00014	
0.012	0.181161918	0.592986402		0.00095572314	1172.00014	
0.018	0.181161918	0.592986402		0.00095572314	1172.00014	
0.012	0.212346916	0.592986402		0.00127305659	1172.00014	
0.018	0.212346916	0.592986402		0.00127305659	1172.00014	
0.012	0.253886422	0.516153862		0.00101038443	1172.00018	
0.018	0.253886422	0.516153862		0.00101038443	1172.00018	
0.012	0.309209906	0.516153862		0.0013455016	1172.00013	
0.018	0.309209906	0.516153862		0.0013455016	1172.00013	
0.015	0.340806441	0.516153862		0.000127751501	1172.00013	
0.012	0.253886422	0.537276946		0.000994360855	1172.00013	
0.018	0.253886422	0.537276946		0.000994360855	1172.00013	
0.012	0.309209906	0.537276946		0.00132416343	1172.00013	
0.018	0.309209906	0.537276946		0.00132416343	1172.00013	
0.015	0.340806441	0.537276946		0.000125725504	1172.00013	
0.012	0.253886422	0.561436535		0.00129857245	1172.00013	
0.018	0.253886422	0.561436535		0.00129857245	1172.00013	
0.012	0.309209906	0.561436535		0.00172927378	1172.00013	
0.018	0.309209906	0.561436535		0.00172927378	1172.00013	
0.015	0.340806441	0.561436535		0.000164189565	1172.00013	
0.012	0.253886422	0.592986402		0.00169575582	1172.00013	
0.018	0.253886422	0.592986402		0.00169575582	1172.00013	
0.012	0.309209906	0.592986402		0.00225819211	1172.00012	
0.018	0.309209906	0.592986402		0.00225819211	1172.00012	
0.015	0.340806441	0.592986402		0.000214408837	1172.00012	
0.012	0.140175287	0.63418616		0.000703328326	1172.00014	
0.018	0.140175287	0.63418616		0.000703328326	1172.00014	
0.012	0.157750371	0.63418616		0.000936944004	1172.00014	
0.018	0.157750371	0.63418616		0.000936944004	1172.00014	
0.012	0.140175287	0.687987339		0.000918449417	1172.00013	
0.018	0.140175287	0.687987339		0.000918449417	1172.00013	
0.012	0.157750371	0.687987339		0.00122351915	1172.00014	
0.018	0.157750371	0.687987339		0.00122351915	1172.00014	
0.012	0.181161918	0.63418616		0.0012480421	1172.00014	
0.018	0.181161918	0.63418616		0.0012480421	1172.00014	
0.012	0.212346916	0.63418616		0.00166243565	1172.00014	
0.018	0.212346916	0.63418616		0.00166243565	1172.00014	
0.012	0.181161918	0.687987339		0.00162977019	1172.00014	
0.018	0.181161918	0.687987339		0.00162977019	1172.00014	
0.012	0.212346916	0.687987339		0.00217091079	1172.00013	
0.018	0.212346916	0.687987339		0.00217091079	1172.00013	
0.012	0.140175287	0.758244231		0.00119936778	1172.00011	
0.018	0.140175287	0.758244231		0.00119936778	1172.00011	
0.012	0.157750371	0.758244231		0.00159774661	1172.00011	
0.018	0.157750371	0.758244231		0.00159774661	1172.00011	
0.012	0.140175287	0.849978043		0.00156584772	1172.00007	
0.018	0.140175287	0.849978043		0.00156584772	1172.00007	
0.015	0.140175287	0.901923789		9.04317205e-05	1172.00007	
0.012	0.157750371	0.849978043		0.00208595555	1172.00007	
0.018	0.157750371	0.849978043		0.00208595555	1172.00007	
0.015	0.157750371	0.901923789		0.000120469282	1172.00007	
0.012	0.181161918	0.758244231		0.00212825422	1172.00011	
0.018	0.181161918	0.758244231		0.00212825422	1172.00011	
0.012	0.212346916	0.758244231		0.00283490893	1172.00011	
0.018	0.212346916	0.758244231		0.00283490893	1172.00011	
0.012	0.181161918	0.849978043		0.00277856557	1172.00007	
0.018	0.181161918	0.849978043		0.00277856557	1172.00007	
0.015	0.181161918	0.901923789		0.000160469286	1172.00007	
0.012	0.212346916	0.849978043		0.00370114634	1172.00006	
0.018	0.212346916	0.849978043		0.00370114634	1172.00006	
0.015	0.212346916	0.901923789		0.000213750691	1172.00006	
0.012	0.253886422	0.63418616		0.00221442232	1172.00013	
0.018	0.253886422	0.63418616		0.00221442232	1172.00013	
0.012	0.309209906	0.63418616		0.00294888625	1172.00012	
0.018	0.309209906	0.63418616		0.00294888625	1172.00012	
0.015	0.340806441	0.63418616		0.000279988256	1172.00012	
0.012	0.253886422	0.687987339		0.00289172896	1172.00012	
0.018	0.253886422	0.687987339		0.00289172896	1172.00012	
0.012	0.309209906	0.687987339		0.00385083717	1172.0001	
0.018	0.309209906	0.687987339		0.00385083717	1172.0001	
0.015	0.340806441	0.687987339		0.000365625898	1172.0001	
0.012	0.253886422	0.758244231		0.00377619766	1172.0001	
0.018	0.253886422	0.758244231		0.00377619766	1172.0001	
0.012	0.309209906	0.758244231		0.00502866019	1172.00008	
0.018	0.309209906	0.758244231		0.00502866019	1172.00008	
0.015	0.340806441	0.758244231		0.000477456801	1172.00008	
0.012	0.253886422	0.849978043		0.00493005614	1172.00006	
0.018	0.253886422	0.849978043		0.00493005614	1172.00006	
0.015	0.253886422	0.901923789		0.000284723383	1172.00006	
0.012	0.309209906	0.849978043		0.00656522228	1172.00004	
0.018	0.309209906	0.849978043		0.00656522228	1172.00004	
0.015	0.340806441	0.849978043		0.000623348947	1172.00004	
0.015	0.309209906	0.901923789		0.000379158421	1172.00004	
0.015	0.00837568839	0.0104190652	2.09440424e-06			
0.015	0.0251247884	0.0104190652	2.09383492e-06			
0.015	0.00837568839	0.0312547965	2.09392199e-06			
0.015	0.0251247884	0.0312547965	2.0933528e-06			
0.015	0.0418716123	0.0104190652	2.09383508e-06			
0.015	0.0586184369	0.0104190652	2.09383508e-06			
0.015	0.0418716123	0.0312547965	2.09335295e-06			
0.015	0.0586184369	0.0312547965	2.09335295e-06			
0.015	0.00837568839	0.0520881293	2.0939221e-06			
0.015	0.0251247884	0.0520881293	2.09335291e-06			
0.015	0.00837568839	0.0729214626	2.0939221e-06			
0.015	0.0251247884	0.0729214626	2.09335291e-06			
0.015	0.0418716123	0.0520881293	2.09335307e-06			
0.015	0.0586184369	0.0520881293	2.09335307e-06			
0.015	0.0418716123	0.0729214626	2.09335307e-06			
0.015	0.0586184369	0.0729214626	2.09335307e-06			
0.015	0.0751977476	0.0104190652	2.05194699e-06			
0.015	0.0916095902	0.0104190652	2.05195838e-06			
0.015	0.0751977476	0.0312547965	2.05147452e-06			
0.015	0.0916095902	0.0312547965	2.0514859e-06			
0.015	0.108021478	0.0104190652	2.05195838e-06			
0.015	0.123691701	0.00985825588	1.84989208e-06			
0.015	0.108021478	0.0312547965	2.0514859e-06			
0.015	0.121052195	0.0302207637	1.1715595e-06			
0.015	0.0751977476	0.0520881293	2.05147462e-06			
0.015	0.0916095902	0.0520881293	2.05148601e-06			
0.015	0.0751977476	0.0729214626	2.05147462e-06			
0.015	0.0916095902	0.0729214626	2.05148601e-06			
0.015	0.108021478	0.0520881293	2.051486e-06			
0.015	0.118465093	0.0495311548	4.73775228e-07			
0.015	0.107156749	0.0723109297	1.81630166e-06			
0.015	0.116560444	0.063747649	1.1175212e-08			
0.015	0.00837568839	0.0937547959	2.0939221e-06			
0.015	0.0251247884	0.0937547959	2.09335291e-06			
0.015	0.00837568839	0.114588129	2.0939221e-06			
0.015	0.0251247884	0.114588129	2.09335291e-06			
0.015	0.0418716123	0.0937547959	2.09335307e-06			
0.015	0.0586184369	0.0937547959	2.09335307e-06			
0.015	0.0418716123	0.114588129	2.09335307e-06			
0.015	0.0586184369	0.114588129	2.09335307e-06			
0.015	0.00837568839	0.135421463	2.0939221e-06			
0.015	0.0251247884	0.135421463	2.09335291e-06			
0.015	0.00837568839	0.156254796	2.0939221e-06			
0.015	0.0251247884	0.156254796	2.09335291e-06			
0.015	0.0418716123	0.135421463	2.09335307e-06			
0.015	0.0586184369	0.135421463	2.09335307e-06			
0.015	0.0418716123	0.156254796	2.09335307e-06			
0.015	0.0586184369	0.156254796	2.09335307e-06			
0.015	0.0751977476	0.0937547959	2.05147462e-06			
0.015	0.0916095902	0.0937547959	2.05148601e-06			
0.015	0.0751977476	0.114588129	2.05147462e-06			
0.015	0.0916095902	0.114588129	2.05148601e-06			
0.015	0.104477973	0.0926824412	1.12969252e-06			
0.015	0.101918943	0.111783294	4.31908166e-07			
0.015	0.0751977476	0.135421463	2.05147462e-06			
0.015	0.090610911	0.134767737	1.78067158e-06			
0.015	0.0751977476	0.156254796	2.05147462e-06			
0.015	0.0879041456	0.15514117	1.08782546e-06			
0.015	0.10003691	0.125830982	4.93824082e-09			
0.015	0.133084406	0.00166111835	1.99626121e-08			
0.015	0.00837568839	0.177088129	2.0939221e-06			
0.015	0.0251247884	0.177088129	2.09335291e-06			
0.015	0.00837568839	0.197921463	2.0939221e-06			
0.015	0.0251247884	0.197921463	2.09335291e-06			
0.015	0.0418716123	0.177088129	2.09335307e-06			
0.015	0.0586184369	0.177088129	2.09335307e-06			
0.015	0.0418716123	0.197921463	2.09335307e-06			
0.015	0.0586184369	0.197921463	2.09335307e-06			
0.015	0.00837568839	0.218754796	2.0939221e-06			
0.015	0.0251247884	0.218754796	2.09335291e-06			
0.015	0.00837568839	0.239588129	2.0939221e-06			
0.015	0.0251247884	0.239588129	2.09335291e-06			
0.015	0.0418716123	0.218754796	2.09335307e-06			
0.015	0.0586184369	0.218754796	2.09335307e-06			
0.015	0.0418716123	0.239588129	2.09335307e-06			
0.015	0.0586184353	0.239588127	2.09335268e-06			
0.015	0.0751977476	0.177088129	2.05147462e-06			
0.015	0.0853799231	0.173982223	3.90041108e-07			
0.015	0.0740532691	0.197233212	1.74251808e-06			
0.015	0.0835133766	0.187914316	1.21329352e-09			
0.015	0.0713308086	0.217596581	1.04594702e-06			
0.015	0.068850662	0.236108647	3.48163047e-07			
0.015	0.00837568839	0.260650807	2.14002414e-06			
0.015	0.0251247884	0.260650807	2.13944243e-06			
0.015	0.00837568839	0.281942777	2.14001353e-06			
0.015	0.0251247884	0.281942777	2.13943181e-06			
0.015	0.0418716123	0.260650807	2.13944258e-06			
0.015	0.0572868745	0.259921932	1.77427253e-06			
0.015	0.0418716123	0.281942777	2.13943197e-06			
0.015	0.0545023697	0.280705759	1.0454202e-06			
0.015	0.00837568839	0.303234694	2.14001353e-06			
0.015	0.0251247884	0.303234694	2.13943182e-06			
0.015	0.00837568839	0.324526611	2.14001353e-06			
0.015	0.0251247884	0.324526611	2.13943182e-06			
0.015	0.0418655539	0.303227217	2.13786175e-06			
0.015	0.05202191	0.299220162	3.18148708e-07			
0.015	0.0403583889	0.323777869	1.72716873e-06			
0.015	0.00837568839	0.345818527	2.14001353e-06			
0.015	0.0251247884	0.345818527	2.13943182e-06			
0.015	0.00837568839	0.367110444	2.14001353e-06			
0.015	0.0251012372	0.367082268	2.13324888e-06			
0.015	0.0375790473	0.344523157	9.98327008e-07			
0.015	0.0351522084	0.362637329	2.75668221e-07			
0.015	0.00837568839	0.388402361	2.14001353e-06			
0.015	0.0234300612	0.387632632	1.68007538e-06			
0.015	0.00837568839	0.409694278	2.14001353e-06			
0.015	0.0206564996	0.408334777	9.51233653e-07			
0.015	0.00832358593	0.430925906	2.12617499e-06			
0.015	0.0182825076	0.426054495	2.36230474e-07			
0.015	0.00649958108	0.451486466	1.63356374e-06			
0.015	0.00373244707	0.472140636	9.04722014e-07			
0.015	0.00140977118	0.489477325	2.00266619e-07			
0.015	0.00837568839	5.55111512e-17		0.000100508261		
0.012	0.00837568839	0.0104190652		0.000349067374		
0.018	0.00837568839	0.0104190652		0.000349067374		
0.015	0	0.0104190652		0.000125028782		
0.015	0.0251247884	5.55111512e-17		0.00010048094		
0.012	0.0251247884	0.0104190652		0.000348972487		
0.018	0.0251247884	0.0104190652		0.000348972487		
0.012	0.00837568839	0.0312547965		0.000348986998		
0.018	0.00837568839	0.0312547965		0.000348986998		
0.015	0	0.0312547965		0.000124999993		
0.012	0.0251247884	0.0312547965		0.000348892133		
0.018	0.0251247884	0.0312547965		0.000348892133		
0.015	0.0418716123	5.55111512e-17		0.000100480947		
0.012	0.0418716123	0.0104190652		0.000348972513		
0.018	0.0418716123	0.0104190652		0.000348972513		
0.015	0.0586184369	5.55111512e-17		0.000100480947		
0.012	0.0586184369	0.0104190652		0.000348972513		
0.018	0.0586184369	0.0104190652		0.000348972513		
0.012	0.0418716123	0.0312547965		0.000348892159		
0.018	0.0418716123	0.0312547965		0.000348892159		
0.012	0.0586184369	0.0312547965		0.000348892159		
0.018	0.0586184369	0.0312547965		0.000348892159		
0.012	0.00837568839	0.0520881293		0.000348987016		
0.018	0.00837568839	0.0520881293		0.000348987016		
0.015	0	0.0520881293		0.000125		
0.012	0.0251247884	0.0520881293		0.000348892152		
0.018	0.0251247884	0.0520881293		0.000348892152		
0.012	0.00837568839	0.0729214626		0.000348987016		
0.018	0.00837568839	0.0729214626		0.000348987016		
0.015	0	0.0729214626		0.000125		
0.012	0.0251247884	0.0729214626		0.000348892152		
0.018	0.0251247884	0.0729214626		0.000348892152		
0.012	0.0418716123	0.0520881293		0.000348892178		
0.018	0.0418716123	0.0520881293		0.000348892178		
0.012	0.0586184369	0.0520881293		0.000348892178		
0.018	0.0586184369	0.0520881293		0.000348892178		
0.012	0.0418716123	0.0729214626		0.000348892178		
0.018	0.0418716123	0.0729214626		0.000348892178		
0.012	0.0586184369	0.0729214626		0.000348892178		
0.018	0.0586184369	0.0729214626		0.000348892178		
0.015	0.0751977476	5.55111512e-17		9.84707819e-05		
0.012	0.0751977476	0.0104190652		0.000341991166		
0.018	0.0751977476	0.0104190652		0.000341991166		
0.015	0.0916095902	5.55111512e-17		9.84713284e-05		
0.012	0.0916095902	0.0104190652		0.000341993063		
0.018	0.0916095902	0.0104190652		0.000341993063		
0.012	0.0751977476	0.0312547965		0.000341912419		
0.018	0.0751977476	0.0312547965		0.000341912419		
0.012	0.0916095902	0.0312547965		0.000341914316		
0.018	0.0916095902	0.0312547965		0.000341914316		
0.015	0.108021478	5.55111512e-17		9.84713282e-05		
0.012	0.108021478	0.0104190652		0.000341993063		
0.018	0.108021478	0.0104190652		0.000341993063		
0.015	0.124433366	5.55111512e-17		9.84713282e-05		
0.015	0.130515173	0.0129107427		9.84844275e-05		
0.012	0.123691701	0.00985825588		0.000308315346		
0.012	0.108021478	0.0312547965		0.000341914316		
0.018	0.108021478	0.0312547965		0.000341914316		
0.015	0.125599899	0.0312547965		0.000129409516		
0.012	0.121052195	0.0302207637		0.000195259917		
0.018	0.121052195	0.0302207637		0.000195259917		
0.012	0.0751977476	0.0520881293		0.000341912437		
0.018	0.0751977476	0.0520881293		0.000341912437		
0.012	0.0916095902	0.0520881293		0.000341914335		
0.018	0.0916095902	0.0520881293		0.000341914335		
0.012	0.0751977476	0.0729214626		0.000341912437		
0.018	0.0751977476	0.0729214626		0.000341912437		
0.012	0.0916095902	0.0729214626		0.000341914335		
0.018	0.0916095902	0.0729214626		0.000341914335		
0.012	0.108021478	0.0520881293		0.000341914334		
0.018	0.108021478	0.0520881293		0.000341914334		
0.015	0.120017624	0.0520881293		0.000129409523		
0.012	0.118465093	0.0495311548		7.89625379e-05		
0.018	0.118465093	0.0495311548		7.89625379e-05		
0.015	0.113935817	0.0747857422		0.000106248992		
0.012	0.107156749	0.0723109297		0.000302716944		
0.018	0.107156749	0.0723109297		0.000302716944		
0.015	0.116726954	0.0643690755		2.31605305e-05		
0.012	0.116560444	0.063747649		1.86253533e-06		
0.018	0.116560444	0.063747649		1.86253533e-06		
0.012	0.00837568839	0.0937547959		0.000348987016		
0.018	0.00837568839	0.0937547959		0.000348987016		
0.015	0	0.0937547959		0.000125		
0.012	0.0251247884	0.0937547959		0.000348892152		
0.018	0.0251247884	0.0937547959		0.000348892152		
0.012	0.00837568839	0.114588129		0.000348987016		
0.018	0.00837568839	0.114588129		0.000348987016		
0.015	0	0.114588129		0.000125		
0.012	0.0251247884	0.114588129		0.000348892152		
0.018	0.0251247884	0.114588129		0.000348892152		
0.012	0.0418716123	0.0937547959		0.000348892178		
0.018	0.0418716123	0.0937547959		0.000348892178		
0.012	0.0586184369	0.0937547959		0.000348892178		
0.018	0.0586184369	0.0937547959		0.000348892178		
0.012	0.0418716123	0.114588129		0.000348892178		
0.018	0.0418716123	0.114588129		0.000348892178		
0.012	0.0586184369	0.114588129		0.000348892178		
0.018	0.0586184369	0.114588129		0.000348892178		
0.012	0.00837568839	0.135421463		0.000348987016		
0.018	0.00837568839	0.135421463		0.000348987016		
0.015	0	0.135421463		0.000125		
0.012	0.0251247884	0.135421463		0.000348892152		
0.018	0.0251247884	0.135421463		0.000348892152		
0.012	0.00837568839	0.156254796		0.000348987016		
0.018	0.00837568839	0.156254796		0.000348987016		
0.015	0	0.156254796		0.000125		
0.012	0.0251247884	0.156254796		0.000348892152		
0.018	0.0251247884	0.156254796		0.000348892152		
0.012	0.0418716123	0.135421463		0.000348892178		
0.018	0.0418716123	0.135421463		0.000348892178		
0.012	0.0586184369	0.135421463		0.000348892178		
0.018	0.0586184369	0.135421463		0.000348892178		
0.012	0.0418716123	0.156254796		0.000348892178		
0.018	0.0418716123	0.156254796		0.000348892178		
0.012	0.0586184369	0.156254796		0.000348892178		
0.018	0.0586184369	0.156254796		0.000348892178		
0.012	0.0751977476	0.0937547959		0.000341912437		
0.018	0.0751977476	0.0937547959		0.000341912437		
0.012	0.0916095902	0.0937547959		0.000341914335		
0.018	0.0916095902	0.0937547959		0.000341914335		
0.012	0.0751977476	0.114588129		0.000341912437		
0.018	0.0751977476	0.114588129		0.000341912437		
0.012	0.0916095902	0.114588129		0.000341914335		
0.018	0.0916095902	0.114588129		0.000341914335		
0.015	0.108853074	0.0937547959		0.000129409523		
0.012	0.104477973	0.0926824412		0.000188282087		
0.018	0.104477973	0.0926824412		0.000188282087		
0.015	0.1032708	0.114588129		0.000129409523		
0.012	0.101918943	0.111783294		7.19846944e-05		
0.018	0.101918943	0.111783294		7.19846944e-05		
0.012	0.0751977476	0.135421463		0.000341912437		
0.018	0.0751977476	0.135421463		0.000341912437		
0.015	0.0973564607	0.136660742		0.000114013563		
0.012	0.090610911	0.134767737		0.000296778596		
0.018	0.090610911	0.134767737		0.000296778596		
0.012	0.0751977476	0.156254796		0.000341912437		
0.018	0.0751977476	0.156254796		0.000341912437		
0.015	0.0921062498	0.156254796		0.000129409523		
0.012	0.0879041456	0.15514117		0.000181304244		
0.018	0.0879041456	0.15514117		0.000181304244		
0.015	0.100147598	0.126244075		1.53959592e-05		
0.012	0.10003691	0.125830982		8.23040137e-07		
0.018	0.10003691	0.125830982		8.23040137e-07		
0.015	0.133306953	5.55111512e-17		8.01171576e-06		
0.015	0.133306953	0.00249167752		3.09548927e-05		
0.012	0.133084406	0.00166111835		3.32710202e-06		
0.018	0.133084406	0.00166111835		3.32710202e-06		
0.012	0.00837568839	0.177088129		0.000348987016		
0.018	0.00837568839	0.177088129		0.000348987016		
0.015	0	0.177088129		0.000125		
0.012	0.0251247884	0.177088129		0.000348892152		
0.018	0.0251247884	0.177088129		0.000348892152		
0.012	0.00837568839	0.197921463		0.000348987016		
0.018	0.00837568839	0.197921463		0.000348987016		
0.015	0	0.197921463		0.000125		
0.012	0.0251247884	0.197921463		0.000348892152		
0.018	0.0251247884	0.197921463		0.000348892152		
0.012	0.0418716123	0.177088129		0.000348892178		
0.018	0.0418716123	0.177088129		0.000348892178		
0.012	0.0586184369	0.177088129		0.000348892178		
0.018	0.0586184369	0.177088129		0.000348892178		
0.012	0.0418716123	0.197921463		0.000348892178		
0.018	0.0418716123	0.197921463		0.000348892178		
0.012	0.0586184369	0.197921463		0.000348892178		
0.018	0.0586184369	0.197921463		0.000348892178		
0.012	0.00837568839	0.218754796		0.000348987016		
0.018	0.00837568839	0.218754796		0.000348987016		
0.015	0	0.218754796		0.000125		
0.012	0.0251247884	0.218754796		0.000348892152		
0.018	0.0251247884	0.218754796		0.000348892152		
0.012	0.00837568839	0.239588129		0.000348987016		
0.018	0.00837568839	0.239588129		0.000348987016		
0.015	0	0.239588129		0.000125		
0.012	0.0251247884	0.239588129		0.000348892152		
0.018	0.0251247884	0.239588129		0.000348892152		
0.012	0.0418716123	0.218754796		0.000348892178		
0.018	0.0418716123	0.218754796		0.000348892178		
0.012	0.0586184369	0.218754796		0.000348892178		
0.018	0.0586184369	0.218754796		0.000348892178		
0.012	0.0418716123	0.239588129		0.000348892178		
0.018	0.0418716123	0.239588129		0.000348892178		
0.015	0.0669889311	0.249993906		1.35293572e-07		
0.012	0.0586184353	0.239588127		0.000348892114		
0.018	0.0586184353	0.239588127		0.000348892114		
0.012	0.0751977476	0.177088129		0.000341912437		
0.018	0.0751977476	0.177088129		0.000341912437		
0.015	0.086523975	0.177088129		0.000129409523		
0.012	0.0853799231	0.173982223		6.50068513e-05		
0.018	0.0853799231	0.173982223		6.50068513e-05		
0.015	0.0807771044	0.198535742		0.000121778134		
0.012	0.0740532691	0.197233212		0.000290419681		
0.018	0.0740532691	0.197233212		0.000290419681		
0.015	0.0835682418	0.188119076		7.63138841e-06		
0.012	0.0835133766	0.187914316		2.02215587e-07		
0.018	0.0835133766	0.187914316		2.02215587e-07		
0.015	0.0753594253	0.218754796		0.000129409523		
0.012	0.0713308086	0.217596581		0.000174324504		
0.015	0.0697800685	0.239577239		0.000129274229		
0.012	0.068850662	0.236108647		5.80271746e-05		
0.018	0.068850662	0.236108647		5.80271746e-05		
0.012	0.00837568839	0.260650807		0.000356670691		
0.018	0.00837568839	0.260650807		0.000356670691		
0.015	0	0.260650807		0.000127752135		
0.012	0.0251247884	0.260650807		0.000356573738		
0.018	0.0251247884	0.260650807		0.000356573738		
0.012	0.00837568839	0.281942777		0.000356668921		
0.018	0.00837568839	0.281942777		0.000356668921		
0.015	0	0.281942777		0.000127751501		
0.012	0.0251247884	0.281942777		0.000356571969		
0.018	0.0251247884	0.281942777		0.000356571969		
0.012	0.0418716123	0.260650807		0.000356573764		
0.018	0.0418716123	0.260650807		0.000356573764		
0.015	0.0641334229	0.260650807		0.000132258742		
0.012	0.0572868745	0.259921932		0.000295712089		
0.018	0.0572868745	0.259921932		0.000295712089		
0.012	0.0418716123	0.281942777		0.000356571995		
0.018	0.0418716123	0.281942777		0.000356571995		
0.015	0.0584282569	0.281942777		0.000132258086		
0.012	0.0545023697	0.280705759		0.000174236701		
0.018	0.0545023697	0.280705759		0.000174236701		
0.012	0.00837568839	0.303234694		0.000356668922		
0.018	0.00837568839	0.303234694		0.000356668922		
0.015	0	0.303234694		0.000127751501		
0.012	0.0251247884	0.303234694		0.000356571969		
0.018	0.0251247884	0.303234694		0.000356571969		
0.012	0.00837568839	0.324526611		0.000356668922		
0.018	0.00837568839	0.324526611		0.000356668922		
0.015	0	0.324526611		0.000127751501		
0.012	0.0251247884	0.324526611		0.000356571969		
0.018	0.0251247884	0.324526611		0.000356571969		
0.015	0.0500577768	0.313181834		8.68164025e-06		
0.012	0.0418655539	0.303227217		0.000356310291		
0.018	0.0418655539	0.303227217		0.000356310291		
0.015	0.0529103527	0.302535875		0.000123576446		
0.012	0.05202191	0.299220162		5.30247847e-05		
0.018	0.05202191	0.299220162		5.30247847e-05		
0.015	0.047017953	0.324526611		0.000132258086		
0.012	0.0403583889	0.323777869		0.000287861455		
0.018	0.0403583889	0.323777869		0.000287861455		
0.012	0.00837568839	0.345818527		0.000356668922		
0.018	0.00837568839	0.345818527		0.000356668922		
0.015	0	0.345818527		0.000127751501		
0.012	0.0251247884	0.345818527		0.000356571969		
0.018	0.0251247884	0.345818527		0.000356571969		
0.012	0.00837568839	0.367110444		0.000356668922		
0.018	0.00837568839	0.367110444		0.000356668922		
0.015	0	0.367110444		0.000127751501		
0.015	0.0331266366	0.376369709		1.72273312e-05		
0.012	0.0251012372	0.367082268		0.00035554148		
0.018	0.0251012372	0.367082268		0.00035554148		
0.015	0.0413128011	0.345818527		0.000132258086		
0.012	0.0375790473	0.344523157		0.000166387835		
0.015	0.0359792126	0.365723751		0.000115030755		
0.012	0.0351522084	0.362637329		4.59447035e-05		
0.018	0.0351522084	0.362637329		4.59447035e-05		
0.012	0.00837568839	0.388402361		0.000356668922		
0.018	0.00837568839	0.388402361		0.000356668922		
0.015	0	0.388402361		0.000127751501		
0.015	0.0299024972	0.388402361		0.000132258086		
0.012	0.0234300612	0.387632632		0.000280012563		
0.018	0.0234300612	0.387632632		0.000280012563		
0.012	0.00837568839	0.409694278		0.000356668922		
0.018	0.00837568839	0.409694278		0.000356668922		
0.015	0	0.409694278		0.000127751501		
0.015	0.0241973453	0.409694278		0.000132258086		
0.012	0.0206564996	0.408334777		0.000158538942		
0.018	0.0206564996	0.408334777		0.000158538942		
0.015	0.0161954971	0.439557582		2.57730508e-05		
0.012	0.00832358593	0.430925906		0.000354362498		
0.018	0.00832358593	0.430925906		0.000354362498		
0.015	0	0.430986195		0.000127751501		
0.015	0.0190480731	0.428911624		0.000106485035		
0.012	0.0182825076	0.426054495		3.93717457e-05		
0.018	0.0182825076	0.426054495		3.93717457e-05		
0.015	0.0127870414	0.452278112		0.000132258086		
0.012	0.00649958108	0.451486466		0.000272260623		
0.018	0.00649958108	0.451486466		0.000272260623		
0.015	0	0.452278112		0.000127751501		
0.015	0.00708188949	0.473570029		0.000132258086		
0.012	0.00373244707	0.472140636		0.000150787002		
0.018	0.00373244707	0.472140636		0.000150787002		
0.015	0	0.473570029		0.000127751501		
0.015	0.00211465676	0.492107994		9.8044876e-05		
0.012	0.00140977118	0.489477325		3.33777698e-05		
0.018	0.00140977118	0.489477325		3.33777698e-05		
0.015	0	0.492107994		9.47040778e-05		
